assets/srtm_38_01.asc
ncols         6000
nrows         6000
xllcorner     5
yllcorner     55
cellsize      0.00083333333333333
NODATA_value  -9999
[rows 0 to 37 of 84, columns 1978 to 2063 of 6000]
1204 1222 1240 1252 1265 1276 1287 1297 1308 1325 1343 1355 1367 1367 1368 1362 1355 1349 1343 1337 1330 1319 1307 1295 1283 1270 1257 1248 1238 1235 1231 1228 1225 1226 1227 1224 1221 1222 1224 1233 1243 1249 1255 1260 1265 1266 1267 1277 1288 1293 1298 1294 1290 1283 1276 1272 1267 1262 1257 1251 1244 1241 1237 1235 1232 1230 1228 1223 1218 1209 1200 1195 1189 1184 1178 1172 1165 1162 1158 1155 1152 1150 1147 1146 1145 1141
1217 1233 1249 1259 1269 1280 1292 1298 1304 1319 1334 1348 1363 1365 1368 1363 1358 1354 1349 1343 1336 1324 1312 1299 1286 1272 1257 1248 1239 1233 1226 1226 1225 1225 1225 1221 1216 1216 1217 1224 1232 1237 1242 1246 1251 1255 1259 1267 1276 1279 1283 1281 1278 1274 1269 1266 1262 1257 1252 1247 1242 1236 1229 1226 1223 1220 1217 1212 1206 1195 1184 1179 1174 1168 1162 1159 1155 1151 1146 1145 1143 1138 1132 1128 1124 1122
1206 1222 1238 1251 1265 1278 1292 1295 1299 1308 1318 1336 1355 1363 1371 1369 1366 1361 1355 1348 1340 1327 1314 1299 1284 1269 1253 1243 1233 1229 1224 1222 1220 1220 1221 1217 1213 1210 1207 1213 1219 1225 1232 1237 1243 1244 1246 1252 1258 1263 1269 1269 1270 1268 1266 1262 1258 1250 1242 1237 1232 1228 1223 1220 1216 1209 1202 1194 1186 1178 1170 1166 1161 1153 1144 1143 1141 1137 1132 1129 1126 1120 1113 1107 1101 1095
1188 1202 1216 1227 1238 1256 1274 1284 1294 1299 1304 1320 1337 1350 1364 1367 1370 1366 1362 1356 1349 1332 1315 1299 1282 1268 1254 1241 1227 1223 1219 1217 1214 1213 1212 1210 1207 1206 1204 1207 1211 1218 1225 1229 1233 1234 1236 1242 1249 1254 1259 1260 1262 1260 1258 1253 1247 1238 1229 1222 1214 1210 1206 1200 1193 1184 1175 1166 1157 1151 1145 1143 1141 1134 1126 1123 1120 1118 1115 1108 1101 1090 1079 1071 1062 1054
1175 1187 1199 1210 1221 1238 1255 1269 1284 1288 1292 1301 1310 1324 1339 1348 1357 1358 1359 1353 1346 1333 1320 1306 1292 1280 1267 1254 1240 1230 1219 1215 1210 1208 1205 1204 1202 1201 1199 1200 1202 1206 1210 1213 1217 1220 1224 1233 1242 1244 1247 1247 1248 1247 1246 1240 1234 1226 1218 1207 1196 1189 1182 1172 1161 1152 1143 1137 1131 1127 1122 1120 1118 1111 1103 1101 1099 1094 1089 1074 1059 1044 1029 1018 1006 1000
1164 1178 1193 1202 1212 1229 1246 1259 1272 1274 1277 1284 1291 1303 1315 1327 1340 1342 1345 1343 1340 1335 1330 1322 1314 1303 1292 1277 1261 1244 1227 1222 1216 1210 1204 1203 1201 1199 1196 1195 1194 1197 1200 1205 1210 1213 1216 1220 1225 1227 1229 1230 1232 1230 1228 1222 1216 1209 1201 1188 1174 1165 1156 1145 1133 1125 1117 1113 1108 1104 1100 1096 1092 1085 1078 1071 1064 1056 1048 1027 1005 990 975 966 956 950
1144 1160 1177 1192 1208 1223 1238 1248 1259 1263 1268 1271 1275 1285 1295 1310 1326 1332 1338 1339 1340 1338 1336 1333 1329 1322 1314 1302 1290 1269 1247 1233 1219 1212 1205 1204 1202 1200 1197 1194 1190 1190 1191 1196 1202 1205 1208 1208 1209 1209 1210 1208 1206 1203 1200 1195 1190 1181 1171 1157 1143 1136 1128 1119 1109 1103 1096 1092 1087 1081 1075 1069 1062 1050 1038 1027 1016 1004 991 972 953 937 920 912 904 900
1129 1145 1162 1179 1197 1213 1230 1244 1259 1262 1266 1269 1272 1278 1285 1303 1321 1330 1340 1341 1343 1340 1336 1333 1330 1325 1320 1309 1298 1281 1263 1245 1226 1219 1211 1207 1203 1200 1196 1191 1186 1183 1180 1181 1183 1185 1188 1189 1190 1187 1184 1175 1166 1163 1159 1158 1157 1148 1139 1124 1108 1103 1097 1089 1081 1075 1069 1064 1059 1051 1043 1035 1027 1010 993 975 957 939 921 904 887 878 868 862 855 851
1128 1142 1156 1172 1188 1207 1227 1240 1254 1260 1266 1271 1277 1287 1297 1318 1340 1345 1351 1349 1346 1342 1337 1332 1327 1325 1323 1311 1298 1283 1267 1250 1233 1223 1213 1210 1207 1202 1197 1190 1182 1173 1164 1162 1160 1160 1160 1160 1159 1155 1151 1142 1133 1127 1121 1120 1118 1111 1104 1089 1074 1068 1062 1057 1051 1046 1040 1032 1023 1014 1004 995 986 971 955 931 906 887 868 852 836 835 834 830 826 819
1137 1148 1160 1178 1196 1217 1239 1247 1256 1269 1282 1291 1300 1316 1332 1343 1354 1354 1353 1349 1345 1338 1331 1328 1324 1324 1323 1314 1304 1286 1268 1252 1236 1224 1212 1208 1204 1196 1188 1180 1171 1162 1152 1146 1139 1138 1137 1136 1134 1128 1122 1114 1105 1099 1092 1090 1088 1081 1073 1058 1043 1036 1028 1024 1020 1015 1009 1000 991 980 969 959 949 930 911 882 852 836 819 808 797 798 800 798 795 788
1163 1175 1187 1201 1215 1228 1242 1254 1267 1282 1298 1313 1328 1341 1354 1356 1358 1354 1350 1345 1339 1332 1325 1323 1320 1315 1310 1299 1288 1278 1267 1251 1235 1224 1212 1203 1193 1185 1176 1166 1155 1148 1141 1135 1129 1124 1118 1113 1108 1100 1091 1085 1078 1072 1065 1061 1056 1050 1044 1032 1019 1012 1005 996 987 981 974 966 958 949 939 924 909 886 863 837 811 792 772 762 751 751 752 750 748 745
1201 1209 1218 1228 1238 1251 1264 1276 1288 1301 1314 1327 1340 1348 1356 1357 1358 1353 1348 1342 1335 1329 1323 1316 1309 1300 1291 1283 1274 1266 1257 1243 1229 1218 1206 1194 1182 1172 1162 1155 1147 1140 1132 1126 1119 1109 1098 1091 1083 1075 1066 1059 1052 1045 1038 1032 1025 1016 1007 1001 995 988 980 971 961 952 943 934 924 915 905 885 864 842 819 795 770 752 733 723 713 710 706 704 702 701
1235 1238 1242 1254 1267 1276 1286 1293 1301 1313 1325 1334 1343 1349 1355 1355 1355 1347 1339 1330 1321 1312 1303 1295 1287 1282 1277 1273 1269 1262 1255 1240 1225 1209 1192 1181 1170 1159 1147 1140 1132 1125 1118 1109 1100 1086 1072 1064 1055 1049 1043 1035 1026 1019 1012 1007 1002 995 987 982 976 965 953 942 930 922 913 904 894 883 871 849 826 802 777 754 731 715 698 692 685 680 674 670 666 664
1257 1258 1260 1271 1282 1287 1293 1303 1313 1326 1340 1345 1351 1352 1353 1348 1343 1333 1323 1310 1297 1287 1277 1272 1266 1268 1271 1270 1268 1256 1244 1237 1229 1211 1192 1170 1148 1136 1123 1116 1108 1101 1094 1083 1072 1061 1050 1042 1034 1027 1019 1010 1001 995 988 982 976 971 965 960 955 943 931 917 903 891 879 867 855 842 829 812 794 769 744 720 696 683 669 664 659 655 651 650 648 648
1273 1278 1283 1288 1294 1301 1308 1320 1333 1343 1354 1356 1359 1353 1346 1337 1328 1317 1305 1291 1277 1264 1250 1246 1241 1246 1251 1251 1252 1242 1231 1224 1216 1199 1181 1159 1137 1123 1109 1101 1092 1082 1072 1061 1049 1041 1032 1023 1013 1006 998 991 984 976 968 961 954 951 947 939 931 921 911 896 881 867 853 841 828 809 789 774 759 736 713 693 672 661 650 645 640 639 638 638 639 640
1294 1298 1302 1306 1310 1318 1326 1334 1342 1346 1351 1351 1351 1345 1339 1329 1318 1303 1288 1275 1262 1246 1230 1224 1217 1216 1214 1214 1213 1205 1196 1190 1183 1167 1151 1137 1122 1113 1104 1095 1086 1074 1061 1048 1035 1024 1013 1005 996 991 986 978 970 958 946 940 933 927 920 916 911 904 896 877 858 842 825 815 804 785 766 742 717 697 677 664 650 643 636 634 632 632 632 635 639 640
1317 1323 1329 1333 1337 1339 1342 1343 1345 1345 1345 1345 1345 1342 1338 1325 1312 1297 1281 1266 1251 1236 1220 1210 1199 1192 1185 1179 1173 1166 1159 1156 1153 1139 1125 1116 1106 1103 1099 1092 1084 1072 1060 1043 1025 1014 1003 993 983 975 966 958 949 939 928 923 917 908 899 893 886 880 873 856 838 820 802 790 778 761 744 716 687 669 651 645 638 636 633 633 632 632 632 637 642 646
1336 1341 1347 1349 1351 1352 1353 1349 1345 1342 1338 1336 1333 1330 1327 1317 1306 1290 1274 1262 1249 1233 1216 1203 1189 1179 1168 1161 1153 1146 1139 1133 1127 1118 1108 1104 1099 1097 1095 1088 1081 1065 1049 1037 1024 1015 1005 993 981 970 958 950 941 933 924 913 902 894 886 875 864 855 845 829 813 797 780 765 749 733 716 691 665 652 638 635 632 632 632 632 632 632 632 644 656 659
1345 1346 1347 1349 1351 1350 1348 1341 1334 1331 1327 1326 1324 1322 1320 1310 1299 1284 1269 1258 1247 1239 1230 1214 1197 1182 1166 1154 1141 1130 1119 1113 1107 1104 1100 1098 1095 1092 1088 1079 1069 1054 1038 1027 1016 1006 996 985 973 964 955 946 936 929 921 906 890 879 868 857 846 834 821 805 788 775 762 742 721 702 683 666 648 640 632 632 632 632 632 632 632 641 651 656 661 667
1348 1346 1344 1343 1342 1339 1335 1328 1320 1317 1314 1315 1317 1315 1312 1297 1282 1272 1261 1252 1243 1239 1235 1226 1216 1193 1169 1148 1126 1116 1106 1104 1101 1099 1097 1094 1090 1084 1077 1067 1056 1042 1028 1018 1008 997 985 975 964 955 946 939 932 922 912 899 885 869 852 838 824 808 792 778 764 749 734 712 689 671 653 646 639 636 632 632 632 632 632 640 649 653 658 663 669 682
1351 1351 1352 1350 1347 1340 1333 1325 1316 1312 1307 1308 1309 1300 1290 1274 1257 1250 1242 1233 1223 1219 1215 1208 1201 1181 1161 1141 1121 1115 1108 1107 1106 1103 1099 1089 1079 1070 1060 1052 1043 1034 1024 1015 1005 995 985 971 957 947 937 930 923 913 903 887 871 858 844 826 808 794 780 765 749 730 710 690 670 657 644 638 632 632 632 632 632 632 632 642 653 663 673 681 690 712
1348 1348 1347 1344 1341 1337 1332 1323 1313 1308 1303 1298 1293 1276 1258 1245 1232 1228 1223 1217 1210 1201 1192 1184 1175 1161 1146 1132 1118 1119 1120 1122 1125 1116 1107 1092 1076 1060 1043 1036 1028 1024 1019 1014 1008 994 979 966 953 941 928 921 914 905 896 879 862 849 836 818 800 786 772 756 740 723 705 684 663 653 643 639 634 633 632 632 632 632 632 644 656 666 676 694 713 739
1344 1343 1341 1339 1336 1332 1328 1322 1316 1309 1302 1293 1284 1265 1246 1235 1224 1222 1219 1214 1209 1200 1190 1184 1177 1167 1156 1145 1134 1138 1143 1140 1137 1124 1110 1100 1090 1075 1059 1055 1051 1040 1028 1019 1009 998 986 973 959 946 932 922 912 902 892 878 864 852 840 824 808 788 767 747 726 711 695 679 662 651 640 636 632 632 632 632 632 632 632 640 648 661 675 708 742 763
1340 1339 1337 1329 1321 1316 1311 1311 1310 1308 1305 1293 1281 1269 1256 1246 1236 1230 1224 1220 1216 1208 1200 1194 1187 1174 1160 1157 1154 1154 1155 1146 1136 1122 1107 1103 1098 1097 1095 1089 1082 1072 1062 1041 1019 1012 1004 990 976 962 947 931 915 904 892 879 865 852 838 827 815 791 766 744 722 702 681 668 654 646 637 635 632 632 632 632 632 632 632 638 644 665 686 725 764 770
1331 1325 1318 1309 1300 1296 1291 1290 1288 1287 1286 1279 1272 1266 1259 1254 1249 1243 1237 1233 1229 1219 1208 1198 1187 1175 1163 1164 1166 1162 1157 1147 1136 1127 1117 1111 1104 1101 1098 1094 1089 1084 1078 1064 1050 1039 1027 1010 992 977 961 938 915 906 896 883 870 851 831 820 809 789 769 746 723 701 679 662 645 640 634 633 632 632 632 632 632 633 634 640 647 670 693 722 751 760
1317 1311 1305 1297 1289 1286 1283 1282 1280 1278 1275 1271 1267 1262 1256 1251 1245 1246 1247 1245 1243 1232 1220 1208 1196 1190 1184 1180 1175 1164 1152 1143 1134 1127 1119 1112 1104 1100 1096 1093 1089 1086 1083 1073 1062 1051 1039 1026 1012 990 967 948 928 914 900 888 875 853 830 821 812 798 783 756 728 706 684 664 644 638 632 632 632 632 632 632 632 635 638 648 658 672 686 708 730 744
1305 1297 1289 1286 1283 1281 1278 1276 1273 1273 1273 1268 1263 1256 1249 1248 1247 1249 1251 1249 1247 1240 1233 1223 1212 1203 1194 1185 1175 1161 1147 1134 1120 1112 1104 1098 1092 1089 1086 1082 1078 1072 1065 1060 1055 1048 1041 1035 1028 1009 990 970 950 932 914 897 879 857 834 822 810 801 791 764 737 710 683 664 645 639 632 632 632 632 632 633 634 639 644 650 656 665 675 693 712 725
1281 1277 1273 1269 1265 1263 1261 1258 1255 1255 1254 1254 1254 1250 1246 1243 1239 1237 1235 1232 1229 1226 1223 1215 1206 1196 1186 1177 1168 1154 1140 1130 1119 1112 1105 1103 1101 1094 1086 1082 1078 1068 1058 1050 1041 1037 1032 1027 1021 1012 1002 978 953 932 911 894 876 855 834 820 805 792 779 757 735 708 681 663 645 639 632 632 632 632 632 634 637 641 645 653 662 668 674 685 697 707
1255 1252 1248 1246 1244 1242 1240 1238 1235 1235 1235 1238 1242 1240 1237 1231 1224 1220 1215 1212 1208 1204 1200 1192 1183 1175 1166 1160 1153 1147 1141 1132 1123 1115 1107 1104 1100 1094 1088 1082 1076 1067 1057 1046 1035 1027 1019 1012 1005 998 991 973 955 938 921 901 880 856 831 817 803 786 769 751 732 707 682 663 643 638 632 632 632 632 632 632 632 637 643 658 673 676 679 684 689 696
1229 1227 1224 1225 1226 1224 1222 1219 1215 1217 1219 1226 1234 1234 1235 1226 1217 1211 1205 1198 1191 1185 1178 1172 1165 1158 1151 1146 1141 1136 1131 1125 1118 1113 1107 1100 1092 1086 1080 1073 1065 1056 1047 1035 1023 1017 1011 1002 993 986 979 969 958 941 923 904 884 860 836 817 798 781 763 744 725 702 678 660 642 637 632 632 632 632 632 632 631 642 653 667 682 682 681 681 680 686
1205 1205 1204 1209 1214 1211 1207 1204 1200 1207 1215 1229 1243 1238 1233 1223 1213 1206 1198 1189 1180 1173 1166 1161 1156 1149 1142 1135 1128 1121 1114 1108 1102 1097 1091 1083 1075 1069 1062 1059 1055 1047 1038 1029 1019 1011 1002 992 981 972 963 953 943 930 916 897 878 854 830 813 796 784 772 749 726 700 674 656 638 635 632 632 632 632 632 634 637 651 665 673 682 681 680 679 677 682
1175 1176 1177 1182 1188 1189 1191 1193 1195 1205 1215 1221 1228 1226 1223 1215 1206 1198 1190 1183 1175 1169 1162 1155 1148 1143 1138 1129 1120 1111 1102 1093 1084 1074 1064 1057 1050 1047 1044 1040 1036 1033 1030 1024 1018 1008 998 986 973 961 949 935 920 908 895 880 865 844 823 809 795 784 773 753 732 707 681 662 643 638 632 632 632 634 637 643 650 661 673 674 675 675 674 676 678 680
1148 1149 1151 1154 1158 1164 1170 1175 1180 1185 1190 1195 1201 1203 1206 1199 1192 1185 1177 1170 1162 1156 1150 1140 1130 1127 1123 1116 1108 1097 1086 1072 1057 1045 1032 1027 1022 1020 1017 1016 1015 1013 1010 1007 1004 997 990 975 960 949 938 923 908 896 884 870 856 837 817 805 792 784 775 756 736 713 689 671 652 642 632 632 632 632 632 643 655 665 676 675 674 671 668 671 674 675
1113 1115 1118 1125 1133 1138 1143 1145 1148 1152 1157 1162 1168 1169 1171 1168 1164 1158 1151 1147 1142 1136 1130 1118 1106 1100 1093 1087 1081 1065 1049 1035 1020 1013 1005 1003 1001 991 980 978 975 972 968 964 959 952 945 939 933 925 917 906 895 885 875 862 848 830 811 799 787 778 769 754 739 719 699 680 661 650 639 636 632 632 632 640 649 660 672 672 672 670 668 668 668 669
1070 1076 1082 1086 1091 1097 1103 1105 1108 1111 1115 1119 1124 1121 1117 1114 1111 1109 1107 1104 1100 1095 1089 1078 1066 1056 1046 1041 1035 1019 1003 989 974 966 957 953 949 942 935 931 926 922 918 916 913 913 912 910 907 902 896 890 884 875 866 854 842 826 810 800 790 781 772 759 745 730 715 696 677 664 650 642 634 633 632 638 645 655 666 667 668 667 666 665 664 666
1037 1038 1039 1046 1053 1059 1065 1067 1070 1072 1074 1077 1080 1076 1072 1070 1067 1063 1058 1056 1053 1051 1049 1041 1032 1020 1008 996 984 969 953 941 929 921 912 911 909 904 899 897 894 894 895 896 898 902 906 907 908 903 898 895 892 886 880 868 855 838 820 809 797 790 783 772 760 747 733 716 698 683 667 657 646 641 635 639 643 649 655 657 660 661 663 663 663 663
1012 1010 1007 1009 1011 1017 1023 1027 1031 1033 1035 1035 1035 1034 1033 1031 1028 1024 1020 1020 1021 1022 1024 1022 1019 1005 990 971 952 940 927 917 907 901 895 891 887 885 882 883 884 886 888 892 896 900 904 904 904 902 900 899 897 896 895 889 882 862 842 827 811 803 794 784 774 762 750 733 715 697 678 665 652 644 635 632 629 631 634 640 647 649 652 655 658 652
1013 1000 986 986 987 990 994 998 1002 998 993 993 993 995 997 997 996 996 995 997 1000 1000 1001 996 991 983 974 956 938 926 913 906 899 895 891 890 888 883 878 878 878 880 882 887 892 897 902 903 905 904 903 901 898 897 896 895 893 881 868 847 825 813 801 792 783 769 754 741 727 708 689 671 653 641 629 620 610 609 607 609 612 615 618 620 623 619
