assets/srtm_38_01.asc
ncols         6000
nrows         6000
xllcorner     5
yllcorner     55
cellsize      0.00083333333333333
NODATA_value  -9999
[rows 38 to 75 of 84, columns 4300 to 4385 of 6000]
1201 1202 1204 1204 1205 1205 1205 1205 1206 1207 1208 1208 1207 1207 1207 1205 1203 1202 1201 1199 1197 1197 1198 1199 1200 1201 1202 1202 1202 1200 1197 1194 1190 1191 1193 1192 1191 1191 1192 1191 1189 1188 1186 1184 1181 1180 1179 1178 1176 1176 1177 1178 1180 1182 1185 1187 1189 1192 1195 1190 1185 1175 1164 1158 1152 1151 1149 1148 1146 1145 1144 1136 1128 1100 1071 1053 1035 1024 1013 1005 997 987 977 968 959 943
1206 1204 1201 1200 1199 1201 1204 1205 1206 1206 1205 1204 1202 1200 1197 1192 1187 1186 1185 1186 1188 1191 1194 1199 1204 1207 1211 1209 1207 1203 1199 1197 1195 1196 1197 1197 1198 1196 1194 1191 1187 1183 1179 1175 1171 1170 1168 1168 1168 1169 1170 1170 1171 1172 1174 1174 1175 1175 1175 1172 1169 1160 1150 1147 1143 1140 1137 1134 1130 1128 1125 1114 1103 1084 1064 1051 1038 1027 1015 1005 994 982 970 959 948 925
1202 1199 1195 1193 1190 1193 1197 1196 1194 1190 1185 1182 1178 1176 1174 1174 1175 1179 1183 1184 1185 1186 1188 1190 1192 1193 1194 1193 1192 1191 1189 1189 1190 1192 1195 1194 1193 1192 1191 1188 1185 1183 1180 1176 1171 1170 1169 1169 1168 1169 1170 1169 1167 1164 1161 1161 1161 1163 1166 1166 1165 1157 1148 1143 1137 1136 1134 1126 1117 1101 1084 1068 1051 1038 1025 1012 999 989 978 965 952 938 924 910 895 865
1178 1178 1179 1177 1174 1176 1179 1179 1178 1173 1168 1164 1159 1159 1160 1163 1167 1172 1177 1178 1179 1177 1174 1174 1173 1175 1178 1179 1180 1179 1177 1177 1178 1182 1186 1186 1187 1187 1187 1187 1186 1184 1182 1181 1180 1181 1182 1180 1177 1173 1168 1164 1159 1156 1153 1154 1156 1158 1160 1159 1157 1152 1147 1136 1124 1121 1117 1102 1087 1062 1037 1017 997 982 966 954 942 931 920 903 885 871 856 839 821 798
1157 1158 1160 1160 1161 1161 1161 1161 1161 1160 1158 1156 1153 1154 1155 1159 1163 1166 1170 1171 1172 1168 1163 1163 1163 1165 1167 1167 1166 1164 1161 1161 1162 1167 1173 1175 1177 1179 1181 1182 1183 1181 1179 1177 1175 1175 1174 1172 1169 1163 1157 1151 1145 1143 1140 1139 1138 1135 1132 1128 1124 1115 1106 1096 1086 1078 1070 1049 1028 1003 977 959 940 922 903 891 878 865 852 837 822 807 792 779 765 750
1138 1139 1141 1145 1149 1150 1152 1153 1154 1152 1150 1150 1150 1152 1154 1156 1158 1156 1154 1150 1145 1142 1138 1138 1138 1138 1138 1137 1135 1135 1136 1142 1149 1157 1165 1167 1169 1173 1178 1177 1176 1174 1172 1168 1163 1157 1150 1141 1132 1120 1107 1103 1098 1095 1092 1088 1083 1081 1079 1070 1060 1050 1040 1033 1026 1016 1006 990 973 948 922 899 875 861 846 837 827 815 802 788 774 763 752 741 729 720
1118 1123 1128 1130 1132 1133 1135 1137 1140 1140 1141 1139 1136 1132 1127 1124 1121 1116 1110 1108 1106 1104 1102 1101 1099 1098 1096 1095 1094 1097 1100 1107 1114 1120 1127 1134 1142 1145 1149 1148 1147 1146 1145 1135 1124 1117 1109 1109 1056 1040 1040 1038 1035 1020 1004 1001 997 1002 1008 1005 1002 995 987 977 966 960 954 938 921 898 874 853 831 818 804 796 787 778 768 756 744 734 724 715 705 696
1090 1095 1101 1101 1100 1100 1100 1100 1100 1100 1099 1097 1094 1088 1081 1074 1066 1063 1059 1062 1065 1066 1068 1068 1068 1064 1060 1058 1055 1057 1059 1064 1070 1078 1087 1087 1085 1096 1129 1082 1082 1087 1071 1048 1025 980 980 983 987 984 980 974 967 962 957 956 954 954 955 954 952 946 939 933 926 919 911 895 878 856 833 815 796 783 770 760 749 744 739 730 721 711 700 691 682 676
1050 1052 1054 1055 1056 1057 1059 1059 1060 1059 1058 1055 1052 1048 1043 1037 1030 1028 1026 1028 1031 1032 1033 1033 1033 1030 1026 1020 1014 1008 1001 1001 997 995 994 994 993 991 991 990 989 979 971 959 963 937 937 934 930 923 916 913 910 907 904 903 901 901 901 901 902 899 895 891 887 875 863 845 826 810 793 776 759 750 740 731 722 717 711 704 697 689 681 675 669 664
1007 1007 1006 1006 1006 1006 1007 1007 1008 1008 1007 1007 1008 1006 1004 1001 997 994 991 992 993 991 989 989 989 984 979 972 964 953 942 932 922 912 902 902 904 893 900 898 897 894 904 870 870 875 880 875 869 864 859 859 858 855 852 851 849 850 851 848 845 844 842 834 826 814 802 786 770 757 743 733 723 719 715 707 698 692 686 681 676 673 670 668 665 660
959 960 961 961 960 959 958 957 956 956 955 954 952 955 959 954 949 943 936 935 934 942 950 945 940 938 935 923 911 893 875 872 868 865 861 855 848 839 829 828 827 827 828 827 826 823 819 817 814 812 810 809 807 803 799 796 792 789 785 782 779 775 770 766 762 753 743 734 724 717 709 703 697 695 692 688 684 678 671 667 663 662 660 659 657 658
906 907 908 908 908 908 908 908 908 905 901 899 897 895 892 889 886 882 877 873 869 861 852 844 836 833 830 827 824 819 813 810 806 802 797 795 793 790 786 784 781 778 774 773 772 772 771 771 770 767 764 763 761 757 753 750 746 742 737 734 730 726 721 719 716 711 705 700 695 692 689 685 681 679 677 675 672 672 672 672 672 671 670 670 669 676
857 857 858 857 856 856 855 854 853 851 849 844 839 837 835 833 830 826 822 818 814 809 803 798 792 789 786 783 779 775 771 767 763 758 752 751 750 750 749 748 746 744 742 740 738 737 736 735 733 731 729 727 724 722 719 715 710 708 706 704 701 699 697 695 693 689 684 682 679 679 678 678 678 678 679 679 679 680 681 684 687 689 691 697 703 714
829 827 824 822 819 818 817 815 813 809 805 801 797 796 794 792 789 787 784 780 776 773 769 766 762 760 757 756 754 752 749 747 744 742 739 738 736 734 732 731 729 727 725 724 723 721 719 716 713 711 709 707 705 703 701 700 698 698 697 694 690 689 687 686 685 684 683 682 681 681 681 685 690 694 698 697 696 696 696 702 708 717 726 737 748 766
836 830 824 819 814 813 812 808 803 800 797 797 796 792 788 783 777 774 770 770 770 767 763 760 757 757 758 759 760 759 757 756 755 755 754 753 752 749 745 744 742 740 737 734 731 726 721 719 716 715 714 713 711 709 707 706 704 704 705 702 698 698 697 698 699 702 706 703 700 700 699 705 711 713 715 715 716 721 726 736 746 759 773 789 805 820
849 845 841 837 832 829 825 823 821 817 813 812 810 808 805 799 793 790 786 787 788 786 784 784 784 785 787 787 786 787 788 785 782 777 771 767 762 768 775 774 772 770 768 766 763 759 755 748 740 739 738 736 734 732 730 729 728 727 726 724 722 722 722 722 723 723 722 722 721 723 726 731 737 742 748 749 751 758 766 779 792 807 823 838 853 865
879 876 872 868 864 858 852 847 841 840 838 837 836 833 830 826 821 821 822 822 821 821 822 823 824 824 824 825 826 826 854 860 862 861 860 853 847 843 837 819 819 814 809 806 803 799 794 788 782 781 779 777 774 772 770 768 766 763 760 757 753 750 747 746 744 743 741 743 746 750 755 764 773 778 784 792 800 806 813 826 840 855 870 881 892 900
919 914 908 904 899 893 886 881 875 876 877 875 872 875 878 882 887 884 880 879 878 878 878 877 875 860 845 845 889 941 941 942 943 949 955 955 904 926 926 913 899 888 877 869 861 852 843 835 827 828 830 826 821 817 813 812 811 808 804 799 794 791 787 784 781 782 784 792 800 808 816 826 836 842 848 851 854 860 866 877 888 898 908 914 921 926
959 952 945 940 935 929 922 922 921 923 925 932 940 952 965 964 962 956 950 946 941 941 942 948 954 967 981 995 1010 998 986 984 981 988 996 999 1002 989 975 955 935 926 917 910 902 891 879 869 859 862 865 864 862 858 854 854 853 848 843 839 834 834 835 841 847 852 857 857 856 862 869 873 878 881 885 889 893 900 907 912 918 924 930 936 942 945
988 983 977 977 976 975 973 978 984 991 998 999 1000 998 995 994 992 994 997 998 999 1000 1001 1005 1010 1016 1022 1025 1029 1029 1029 1025 1020 1022 1024 1021 1018 1011 1004 990 975 959 942 933 924 914 904 899 893 893 892 892 892 891 889 888 886 883 880 881 882 884 886 889 892 896 900 901 903 906 909 913 918 921 925 928 931 934 937 938 939 942 945 950 956 960
1047 1044 1041 1036 1030 1028 1026 1027 1028 1029 1031 1029 1027 1026 1025 1027 1029 1033 1037 1038 1040 1041 1042 1045 1048 1050 1053 1052 1050 1046 1042 1040 1037 1036 1035 1031 1027 1019 1011 999 987 971 955 943 930 924 917 917 918 918 919 919 920 921 922 922 923 920 917 917 916 917 919 921 924 927 931 934 937 940 943 947 952 953 955 954 953 954 956 955 953 958 964 972 981 987
1081 1077 1072 1068 1063 1059 1055 1054 1052 1053 1054 1056 1059 1061 1063 1065 1067 1072 1077 1077 1077 1075 1073 1074 1076 1076 1076 1074 1071 1068 1064 1056 1048 1041 1034 1025 1016 1008 1000 990 979 967 955 946 936 935 934 934 935 935 936 937 938 938 939 939 939 940 942 941 940 940 940 942 945 949 953 955 957 960 963 965 968 969 971 973 975 977 980 981 983 988 993 997 1002 1003
1093 1089 1084 1081 1078 1079 1081 1082 1083 1084 1085 1088 1091 1093 1096 1098 1100 1101 1103 1103 1103 1103 1102 1099 1095 1092 1089 1086 1082 1076 1070 1058 1045 1031 1017 1005 993 985 976 970 963 957 950 948 946 947 949 949 950 950 950 950 950 951 953 955 957 958 960 960 961 961 960 962 965 967 969 970 971 977 984 984 985 984 983 987 991 993 996 998 1000 1001 1002 1002 1001 1001
1101 1101 1100 1103 1106 1110 1114 1112 1109 1107 1104 1106 1108 1109 1111 1117 1123 1125 1127 1124 1120 1117 1114 1110 1105 1098 1090 1082 1073 1061 1048 1035 1021 1008 995 986 976 971 966 962 957 956 955 957 960 961 963 963 963 963 963 964 965 965 966 968 970 971 973 973 974 974 973 972 971 971 972 976 981 984 988 987 985 983 981 981 981 982 984 984 985 985 986 986 987 989
1114 1116 1118 1121 1124 1127 1130 1126 1121 1120 1119 1118 1116 1118 1121 1125 1129 1129 1128 1124 1119 1116 1112 1108 1103 1092 1081 1066 1051 1039 1027 1016 1005 995 984 979 974 969 964 962 959 962 965 967 970 971 972 972 972 972 972 972 973 974 976 979 983 983 982 980 977 974 970 970 969 975 981 985 989 987 985 983 980 979 977 975 973 973 973 973 974 976 979 982 986 989
1130 1129 1128 1125 1122 1122 1123 1123 1124 1126 1129 1124 1118 1118 1118 1120 1123 1121 1118 1114 1110 1107 1103 1098 1093 1081 1069 1056 1043 1034 1024 1017 1009 1000 991 983 975 973 970 972 974 977 981 983 985 985 986 985 983 981 979 979 979 981 983 983 983 979 975 972 969 968 967 971 975 981 988 988 988 985 982 978 974 973 972 972 972 973 975 977 980 983 987 989 992 994
1136 1130 1124 1121 1117 1116 1115 1108 1100 1081 1061 1071 1082 1086 1091 1099 1108 1108 1108 1105 1101 1093 1085 1079 1072 1065 1057 1047 1037 1029 1020 1012 1004 997 989 986 983 983 984 986 989 992 995 996 998 995 992 989 986 984 982 981 980 979 977 975 972 971 969 969 968 969 970 973 977 979 981 980 978 976 974 972 970 970 970 972 974 976 978 980 983 985 988 990 993 995
1132 1125 1118 1110 1102 1093 1083 1078 1072 1064 1056 1049 1042 1048 1054 1065 1077 1081 1085 1082 1079 1074 1069 1067 1065 1061 1057 1047 1036 1024 1011 1006 1000 1000 1000 1000 999 999 998 1000 1003 1004 1006 1004 1001 997 992 989 986 984 981 979 976 975 973 974 975 977 979 980 981 980 978 978 978 977 976 974 972 971 970 970 969 971 974 976 978 980 982 983 985 987 989 990 992 993
1116 1105 1093 1083 1073 1061 1049 1043 1037 1032 1027 1027 1027 1029 1031 1036 1041 1044 1047 1050 1053 1054 1055 1055 1054 1050 1046 1038 1030 1023 1016 1014 1012 1011 1009 1006 1003 1004 1006 1007 1008 1007 1005 1001 997 993 989 986 983 981 979 978 976 976 977 980 984 986 989 989 988 987 985 984 983 981 978 976 973 973 972 973 974 974 975 976 977 979 981 981 982 983 985 986 988 988
1089 1077 1064 1055 1046 1040 1034 1031 1027 1027 1027 1027 1027 1027 1027 1027 1027 1028 1029 1030 1031 1033 1035 1035 1035 1033 1030 1026 1022 1019 1016 1015 1013 1013 1013 1013 1012 1013 1014 1011 1008 1006 1003 998 993 988 983 981 979 979 978 977 975 975 975 977 980 982 985 986 987 984 981 980 979 978 976 975 973 972 970 970 970 971 972 973 975 976 977 977 978 979 981 981 981 981
1054 1048 1041 1036 1031 1029 1027 1027 1027 1027 1027 1027 1027 1027 1027 1027 1027 1027 1027 1027 1028 1029 1031 1032 1033 1032 1030 1027 1024 1025 1027 1027 1028 1028 1027 1026 1024 1021 1017 1014 1010 1005 999 992 985 979 973 973 972 973 975 974 972 973 974 977 980 982 984 984 983 980 977 975 972 971 969 968 966 965 963 963 962 963 964 965 967 968 969 970 971 972 973 973 974 974
1038 1033 1027 1027 1027 1027 1027 1027 1027 1027 1027 1027 1027 1027 1027 1028 1029 1028 1027 1031 1036 1037 1038 1038 1039 1039 1038 1038 1039 1041 1043 1044 1045 1045 1046 1044 1041 1034 1026 1020 1014 1007 999 991 983 977 970 967 963 963 964 964 965 968 971 974 977 979 981 980 979 976 972 970 967 966 964 962 960 959 957 955 953 953 952 952 953 953 954 955 956 957 959 959 960 961
1027 1027 1027 1027 1027 1027 1027 1027 1027 1027 1027 1027 1027 1030 1033 1035 1038 1040 1042 1044 1046 1047 1048 1048 1049 1049 1049 1051 1053 1054 1055 1056 1058 1059 1060 1056 1052 1046 1040 1035 1029 1021 1013 1004 995 985 974 967 959 956 953 952 950 952 955 959 963 966 969 968 966 965 963 962 960 958 956 954 951 951 950 949 947 945 943 942 941 940 939 939 938 939 940 941 943 945
1027 1027 1027 1027 1027 1027 1027 1027 1027 1028 1030 1033 1037 1039 1042 1045 1049 1050 1052 1053 1055 1056 1058 1058 1059 1060 1062 1062 1062 1064 1066 1069 1073 1072 1070 1066 1061 1060 1058 1055 1051 1039 1026 1014 1001 990 979 971 962 955 948 944 940 939 938 939 940 940 941 941 941 941 942 942 941 940 938 937 936 936 935 934 932 930 928 928 927 927 926 926 926 926 927 928 930 930
1027 1027 1027 1027 1027 1027 1027 1029 1031 1033 1035 1037 1040 1043 1047 1049 1052 1053 1055 1057 1059 1060 1062 1064 1067 1068 1070 1072 1074 1078 1083 1085 1087 1084 1080 1078 1075 1072 1069 1067 1065 1048 1031 1017 1002 992 981 973 964 956 948 942 935 932 928 927 925 925 925 925 924 924 925 925 925 924 922 922 922 922 922 922 922 919 916 915 914 914 915 914 912 913 914 914 915 915
1027 1027 1027 1027 1027 1029 1031 1034 1038 1040 1043 1045 1048 1049 1051 1052 1054 1055 1057 1058 1059 1062 1065 1068 1071 1073 1076 1079 1082 1086 1090 1090 1090 1088 1085 1079 1072 1069 1065 1064 1063 1049 1034 1018 1001 989 976 968 960 951 942 936 930 926 922 920 918 917 916 916 915 915 916 916 917 916 914 913 912 911 909 907 904 903 901 900 899 899 899 899 898 898 898 898 897 897
1027 1027 1028 1028 1029 1031 1034 1036 1039 1041 1043 1045 1047 1048 1050 1051 1052 1053 1054 1055 1056 1060 1064 1067 1071 1075 1079 1083 1088 1092 1097 1094 1091 1085 1079 1072 1064 1060 1055 1050 1045 1032 1018 1005 991 979 966 957 948 942 935 931 926 923 919 916 913 912 911 911 912 912 912 911 910 908 905 905 904 902 899 896 893 893 892 892 891 889 886 886 885 885 885 885 884 883
1027 1027 1027 1028 1029 1031 1033 1034 1036 1037 1039 1039 1040 1041 1042 1043 1044 1045 1047 1049 1052 1054 1057 1061 1065 1071 1078 1081 1084 1083 1081 1075 1068 1060 1052 1048 1043 1038 1033 1024 1014 1003 991 982 972 965 957 950 943 938 932 928 924 921 918 916 913 910 907 906 905 903 900 899 898 896 893 892 890 888 886 885 883 881 879 878 876 872 867 867 866 865 863 863 863 862
