assets/srtm_39_01.asc
ncols         6000
nrows         6000
xllcorner     10
yllcorner     55
cellsize      0.00083333333333333
NODATA_value  -9999
[rows 42 to 83 of 97, columns 1995 to 2089 of 6000]
288 286 285 283 284 286 288 291 289 287 286 284 284 284 283 281 281 281 281 280 280 280 280 281 278 275 275 274 276 278 282 287 287 287 284 280 278 276 281 286 286 287 288 289 289 289 288 286 286 286 286 287 285 282 282 281 279 277 277 276 276 276 279 283 288 293 298 303 307 312 313 315 315 315 315 314 314 314 311 307 305 303 301 299 294 289 283 276 268 260 251 242 235 227 227
284 282 282 281 282 283 283 284 283 282 281 280 280 279 280 281 281 282 281 280 280 280 280 279 279 278 280 283 286 290 292 295 295 295 291 287 283 279 277 275 278 281 285 289 289 290 289 288 287 286 286 285 284 282 282 281 281 281 280 279 279 278 281 284 290 296 302 308 313 318 320 323 323 322 322 322 323 324 323 321 316 311 307 303 299 294 286 277 271 264 260 255 251 247 247
282 281 281 282 282 281 282 283 282 281 280 279 279 279 280 282 282 281 280 278 278 277 278 279 281 283 284 285 287 290 292 295 294 292 290 287 287 287 281 275 275 275 279 284 285 287 287 288 288 289 287 284 283 281 282 284 284 284 282 280 281 282 285 289 295 302 311 320 325 330 332 335 334 333 333 333 333 333 331 328 321 313 311 308 305 301 293 285 282 279 274 269 264 259 256
282 283 283 282 282 283 284 285 283 281 281 280 281 283 283 284 282 280 280 279 279 278 280 282 283 284 285 286 287 289 289 289 288 287 287 287 288 289 286 283 281 279 280 281 282 284 285 287 288 290 287 284 283 282 282 282 282 282 282 281 285 289 294 299 307 315 324 333 337 341 344 347 346 345 344 342 340 338 335 332 326 320 319 317 313 309 303 297 295 292 285 278 274 270 266
279 282 282 282 282 281 282 284 284 283 283 283 285 287 285 283 282 280 280 279 280 281 281 282 282 283 283 283 283 284 286 289 289 289 290 291 291 292 289 285 285 284 285 287 287 287 288 289 288 286 285 284 284 285 285 284 283 281 283 285 289 293 301 309 315 321 331 341 346 351 351 352 352 351 349 347 344 341 339 337 333 328 323 318 314 310 305 300 296 292 286 280 277 273 269
277 279 279 280 281 282 282 283 283 282 282 283 284 286 285 283 282 280 280 279 279 280 281 283 283 284 284 283 284 285 286 288 286 284 285 287 287 287 286 284 284 285 287 290 292 294 294 294 289 284 284 284 287 290 291 292 289 286 287 288 289 291 299 308 317 326 336 346 350 355 355 356 354 351 350 348 345 342 340 337 334 331 327 322 317 312 307 301 296 291 286 281 278 274 269
275 276 276 276 277 279 280 281 279 277 278 279 280 282 282 281 281 280 280 280 280 281 282 284 285 286 286 285 285 285 285 285 284 283 283 284 285 286 286 287 289 291 293 295 297 299 298 296 293 289 287 284 287 290 292 295 293 290 290 290 292 295 300 306 316 326 334 343 349 355 354 353 352 350 350 349 346 342 340 338 334 330 326 322 319 315 309 303 298 293 287 281 277 273 270
278 279 278 276 276 277 277 277 276 274 274 274 274 274 276 278 278 279 280 281 284 287 287 288 287 285 285 286 286 285 285 285 284 283 284 285 285 286 289 293 295 297 297 298 300 302 300 298 300 302 300 297 293 289 289 290 295 300 300 300 301 303 304 305 311 318 326 334 340 346 347 348 350 352 350 348 345 341 338 335 333 330 328 325 321 317 311 305 300 294 288 281 278 275 274
280 282 280 277 276 274 274 274 274 274 274 274 275 276 276 277 278 280 281 283 284 286 286 285 284 282 283 284 284 284 285 286 285 284 284 284 285 286 287 289 290 292 293 295 295 295 296 298 301 305 304 303 300 297 292 286 292 299 303 307 307 306 306 307 312 317 322 328 333 339 343 347 348 349 348 346 343 339 335 331 330 328 326 323 320 317 310 303 297 290 286 281 279 277 277
281 280 278 275 275 274 274 274 274 274 274 275 275 276 277 279 280 281 282 283 283 282 282 282 282 282 283 284 285 286 288 291 290 289 287 285 285 285 285 285 285 285 286 287 287 286 287 288 292 297 300 303 302 301 297 293 292 291 298 305 305 305 307 309 314 320 325 330 333 337 340 344 346 348 348 347 344 340 337 334 331 328 325 321 318 315 309 303 297 291 287 283 281 278 278
277 275 275 274 274 274 274 274 274 274 275 277 277 278 278 278 280 282 282 283 283 283 283 282 282 283 283 283 283 283 284 286 286 285 284 283 284 285 285 284 284 284 284 283 284 285 284 283 284 286 290 294 296 298 299 301 303 306 308 310 308 305 305 304 308 313 321 329 332 336 338 341 343 346 346 347 345 342 338 333 330 326 324 322 320 317 311 305 300 294 290 286 284 282 281
274 274 275 277 276 274 274 274 277 281 280 279 279 279 279 279 281 283 283 284 284 285 284 283 283 283 283 283 283 282 282 281 281 280 281 282 283 285 285 284 284 284 284 284 284 283 282 281 283 285 288 292 295 298 300 302 307 312 315 318 316 314 311 307 308 310 317 325 331 338 342 346 346 345 344 343 340 336 332 327 326 324 324 324 323 321 316 311 307 303 301 298 298 297 295
279 284 284 285 284 282 282 283 284 285 283 280 281 283 282 281 283 286 286 287 286 285 283 280 282 284 283 281 281 281 281 280 280 280 281 282 283 284 284 283 283 283 283 282 281 280 282 285 287 289 289 288 288 289 292 296 304 313 314 316 316 317 321 325 320 315 314 313 319 326 332 339 340 341 339 337 335 332 330 328 326 323 323 324 326 328 324 320 318 315 317 319 317 315 311
286 288 288 288 287 286 286 286 286 287 284 280 282 284 286 288 291 295 294 292 288 284 283 281 282 284 283 282 281 279 280 282 282 282 282 283 283 284 284 284 283 282 281 279 280 281 285 289 289 290 289 287 287 287 292 297 304 312 312 312 319 326 335 345 344 343 333 323 319 315 321 328 330 333 332 331 330 328 330 332 331 330 330 331 331 332 330 327 326 324 323 322 320 317 316
285 287 288 289 288 287 287 287 287 287 285 282 282 281 285 290 293 296 294 292 288 284 283 282 282 282 282 282 282 282 282 283 283 283 283 284 284 284 285 286 285 283 282 280 281 283 285 288 289 290 289 288 288 287 293 299 306 313 317 322 331 341 348 355 353 350 343 335 327 319 319 318 318 319 319 320 322 325 327 330 330 331 333 335 336 338 336 333 330 327 325 322 320 317 316
286 288 288 288 287 286 286 285 288 292 289 286 284 281 284 288 290 293 292 291 289 287 285 282 282 282 282 282 284 287 287 286 284 281 282 283 284 285 285 285 284 282 281 280 282 285 289 294 294 293 292 290 291 292 298 304 311 319 325 331 340 349 352 355 352 349 346 342 336 329 324 319 316 312 312 313 317 322 324 326 326 327 330 333 335 337 336 335 332 328 326 323 320 317 316
288 287 286 285 284 283 284 285 288 292 289 286 285 284 286 288 288 289 289 288 288 288 286 283 283 282 283 284 286 289 289 288 286 283 284 285 288 291 288 285 283 280 280 280 286 292 296 300 298 296 295 293 296 299 303 308 317 327 333 339 345 351 353 355 353 351 348 344 341 338 333 327 320 313 313 313 318 323 327 331 331 331 332 334 336 339 338 337 334 330 329 328 325 322 321
292 289 286 283 283 283 284 286 286 286 286 286 286 285 286 288 289 290 289 287 287 286 286 285 284 283 285 288 290 292 292 291 288 285 285 286 288 290 288 286 283 280 281 283 289 296 296 296 295 293 296 300 303 307 313 320 327 334 339 344 348 353 355 358 356 353 353 354 354 353 349 344 336 328 323 317 320 324 329 334 335 337 337 338 338 338 338 338 336 334 332 329 327 325 321
301 299 296 292 288 284 284 283 283 283 283 282 282 282 284 286 287 289 289 290 288 285 285 284 284 285 286 287 287 288 288 288 288 287 286 285 285 285 283 280 280 279 282 286 291 296 295 294 296 298 302 307 309 311 317 323 329 336 342 349 354 359 361 364 364 363 362 360 361 362 362 361 355 349 340 330 326 321 321 322 327 332 336 340 339 337 338 339 336 333 332 330 326 322 320
306 304 300 296 291 286 285 283 283 284 283 282 280 278 279 281 285 289 289 289 288 287 287 286 286 287 287 287 286 285 285 285 286 288 286 283 282 280 279 277 277 278 284 291 295 299 297 295 299 303 307 312 312 312 318 324 329 335 342 350 355 361 363 365 364 363 363 363 364 366 366 367 361 355 346 336 328 320 316 311 313 316 323 330 333 336 337 338 337 336 335 333 329 325 322
305 303 298 293 289 285 285 284 286 288 288 287 284 281 282 283 283 283 283 284 286 289 289 288 289 291 291 290 287 284 285 286 287 288 285 282 280 277 277 277 279 282 289 297 300 304 301 297 300 304 309 315 316 317 323 329 334 339 347 356 360 365 365 365 365 366 367 368 368 369 368 366 361 356 351 345 340 334 324 314 313 312 315 318 323 329 332 336 337 338 335 331 328 324 318
305 304 302 299 295 290 291 292 292 293 292 290 290 291 291 290 287 283 281 279 283 287 289 291 294 298 297 296 292 287 287 286 285 284 282 280 279 278 279 281 284 288 293 299 302 306 305 303 305 307 312 317 318 320 327 335 342 350 355 361 363 366 366 367 369 372 372 372 371 370 366 362 360 357 353 348 345 341 334 327 320 313 312 311 315 319 323 328 328 329 328 327 324 320 314
309 310 310 309 305 301 299 297 297 296 293 289 289 290 289 288 286 284 283 282 282 282 285 289 294 299 299 298 292 286 285 284 283 281 280 279 279 278 280 283 286 289 294 299 304 310 310 309 309 310 314 319 320 321 328 336 343 351 356 361 362 364 365 367 369 372 372 371 370 369 366 362 360 357 354 351 347 343 338 332 327 322 318 314 313 311 315 320 324 329 328 327 322 317 312
310 311 310 309 306 303 300 297 296 294 291 287 287 286 285 284 284 283 284 285 284 283 284 285 289 294 295 296 291 285 283 281 280 279 279 279 280 282 284 287 292 297 298 300 304 308 310 312 315 318 321 324 324 325 333 342 349 357 362 367 367 367 368 369 369 370 370 370 368 365 364 362 361 359 356 353 350 347 343 338 333 327 327 326 322 317 317 317 319 321 323 325 321 317 310
315 314 310 306 302 297 295 292 290 288 288 287 287 287 285 283 283 283 283 284 284 283 283 283 284 285 287 290 287 284 282 280 279 278 278 279 281 283 287 291 295 300 302 304 306 308 310 312 316 320 322 325 325 324 334 345 353 362 365 368 368 369 369 369 369 370 368 366 363 360 360 361 361 360 358 355 351 346 345 344 340 336 336 336 331 326 323 320 317 314 313 312 305 297 290
311 309 305 300 296 291 290 289 289 288 289 290 287 283 282 280 282 284 284 285 285 286 285 284 282 280 283 286 286 285 283 280 279 278 278 278 281 284 288 293 297 302 306 310 312 314 314 315 319 323 323 324 325 326 336 346 351 357 361 366 368 371 372 374 373 372 369 366 364 362 364 366 367 368 364 360 355 349 345 341 340 338 338 339 334 329 324 319 313 307 303 298 293 287 279
303 300 297 294 292 289 288 286 287 288 288 288 286 284 283 282 285 289 288 286 286 286 286 287 286 285 285 285 284 282 282 283 281 278 278 278 282 286 290 295 298 302 308 314 315 316 316 317 318 320 320 320 324 328 337 346 352 358 362 367 369 371 372 374 372 369 367 364 365 366 368 371 369 366 360 353 350 346 342 337 336 334 335 337 333 328 321 313 306 298 291 283 280 277 276
301 294 292 289 288 287 286 285 285 284 284 285 284 283 285 287 288 290 288 286 286 286 286 287 287 287 285 282 280 278 278 279 279 279 280 281 286 291 294 298 300 303 307 311 313 316 318 320 320 320 320 319 326 333 341 349 355 362 366 370 371 373 372 371 371 370 370 369 369 368 368 369 364 358 354 349 347 345 340 334 333 331 330 329 323 316 306 296 290 283 278 272 272 273 280
298 293 290 287 287 286 286 285 285 284 284 284 283 282 285 288 289 291 290 289 288 287 285 283 282 281 281 280 279 277 278 279 280 281 282 283 288 293 295 297 298 300 304 308 312 317 320 324 322 320 323 327 331 336 343 350 357 364 368 373 373 374 373 371 371 372 372 372 369 365 363 360 356 352 349 345 342 338 334 329 327 325 320 315 306 296 289 282 281 279 282 285 288 291 296
300 296 292 288 287 285 285 284 284 284 284 284 282 280 282 285 287 290 292 295 291 286 283 279 279 280 279 278 279 280 279 278 280 282 282 283 287 291 293 296 299 303 306 310 315 320 320 321 321 322 326 330 332 335 343 352 357 363 367 371 372 373 373 372 372 371 370 368 366 363 356 349 347 344 342 339 335 330 325 319 314 309 301 293 288 282 282 282 288 294 298 303 303 304 306
297 294 290 286 285 284 284 284 287 290 289 288 285 282 282 282 286 290 290 290 285 279 279 279 279 279 280 282 281 280 279 278 279 281 283 285 287 290 293 297 301 305 309 314 316 318 317 316 320 325 330 335 337 339 345 352 358 364 368 372 372 372 370 368 366 363 361 358 357 356 349 341 337 333 328 323 318 313 307 301 296 291 288 284 286 289 293 298 303 309 312 315 315 314 318
290 289 287 285 285 286 286 285 286 288 288 287 285 283 283 283 285 287 285 282 281 280 280 279 279 279 280 281 281 281 280 279 280 282 285 288 288 289 292 296 298 300 304 309 309 309 313 318 322 327 335 343 347 351 355 360 362 365 367 370 370 369 368 366 364 361 355 348 345 341 335 328 323 317 313 309 303 296 291 286 286 285 293 302 308 314 314 315 320 325 325 325 323 321 321
289 287 287 287 285 283 283 284 286 288 286 284 284 284 283 281 281 280 278 276 277 278 278 278 279 281 281 280 280 279 279 280 280 281 283 286 288 291 293 295 297 300 300 300 303 306 312 319 326 333 341 350 353 357 358 360 363 367 367 368 367 365 365 365 362 359 353 347 340 332 327 322 318 313 308 302 297 291 290 289 294 299 308 318 325 332 333 334 334 334 332 329 323 316 313
289 287 287 286 284 281 281 282 283 285 284 282 281 280 278 276 276 277 277 277 277 277 282 287 290 294 294 294 294 295 291 286 284 282 281 280 285 290 291 293 294 295 293 291 299 307 313 320 328 337 346 355 360 365 363 361 361 361 362 363 366 369 369 370 368 366 358 349 342 335 327 319 312 304 303 302 308 315 315 315 318 321 325 330 333 337 337 338 336 333 328 323 318 312 313
287 286 284 281 279 276 277 278 278 277 276 275 275 275 276 277 276 275 276 277 279 281 287 294 296 298 299 301 300 299 294 288 286 283 282 280 283 286 288 290 289 288 289 290 296 302 309 317 325 334 343 353 358 364 361 358 356 354 355 357 363 369 368 366 361 355 349 342 335 327 318 309 306 303 312 322 328 335 334 333 335 337 338 339 339 339 338 337 333 329 325 320 321 322 324
284 283 281 279 277 274 274 275 275 274 274 275 276 278 277 275 275 276 277 278 282 286 290 295 297 300 300 299 298 297 295 292 289 285 283 281 281 282 283 284 286 289 291 294 298 302 308 314 321 328 338 348 352 356 354 351 350 349 349 350 352 355 354 353 347 340 334 327 320 313 314 315 317 319 321 324 327 331 333 335 336 337 341 345 344 342 340 337 334 331 328 325 327 329 330
278 276 277 278 276 274 274 274 274 275 276 277 276 275 275 275 276 277 280 283 288 293 297 301 301 302 301 300 299 298 296 293 289 285 282 279 278 277 278 280 285 290 291 293 296 300 305 310 317 325 334 344 347 351 351 351 350 348 347 345 342 339 336 332 329 326 326 325 326 327 326 325 327 329 330 331 332 334 336 339 343 347 349 352 352 351 348 345 342 338 339 341 343 346 346
276 275 275 274 275 276 276 275 276 278 278 279 277 275 276 277 279 282 286 290 292 295 297 300 301 303 301 299 297 295 293 291 287 283 280 276 275 274 275 277 280 284 288 292 294 296 301 307 315 324 332 340 345 350 350 351 351 350 344 338 332 325 323 320 329 338 342 346 346 346 346 347 349 352 352 353 353 352 352 352 357 362 363 364 362 360 360 361 359 356 355 354 354 354 354
280 279 276 273 274 275 276 278 278 279 280 281 280 278 278 278 280 282 285 288 290 293 296 300 301 303 300 296 292 287 285 283 281 278 277 276 276 276 278 281 283 286 290 295 297 299 304 309 316 324 331 338 341 344 342 339 335 331 328 324 326 328 329 331 338 346 348 351 353 355 359 363 366 370 368 366 367 369 368 366 368 371 370 368 366 364 364 365 364 362 360 357 357 357 357
284 281 279 276 275 273 275 278 278 279 280 282 282 282 282 281 281 280 282 284 288 292 295 298 298 298 295 292 287 281 280 279 279 279 279 279 280 282 284 287 287 288 292 296 297 299 302 305 312 319 325 332 330 327 321 315 318 322 327 333 334 336 337 339 341 343 347 352 355 359 362 366 368 370 370 369 371 373 372 371 371 371 371 370 368 365 365 365 364 362 360 357 359 362 361
282 280 280 279 278 277 275 273 276 280 282 284 283 282 281 280 281 282 283 285 286 288 290 293 291 288 286 283 283 284 286 288 290 292 291 290 287 284 286 289 290 291 294 297 298 300 302 305 309 313 315 317 311 305 309 313 320 328 331 335 335 335 335 335 337 339 343 348 352 357 360 364 364 364 365 367 369 372 372 373 370 367 367 366 365 364 364 364 364 365 361 357 357 356 357
282 281 281 280 280 280 277 274 275 277 281 286 285 284 283 282 284 286 288 291 292 294 291 288 286 284 285 287 291 295 299 304 305 306 302 297 294 291 291 292 292 291 292 293 295 297 299 302 302 303 301 298 297 295 302 310 317 324 326 328 328 328 328 328 330 333 336 340 346 352 352 353 355 357 361 365 367 369 369 370 367 364 364 363 363 363 362 361 359 356 355 353 354 356 357
