assets/srtm_38_01.asc
ncols         6000
nrows         6000
xllcorner     5
yllcorner     55
cellsize      0.00083333333333333
NODATA_value  -9999
[rows 0 to 37 of 84, columns 2064 to 2149 of 6000]
1137 1132 1127 1121 1114 1102 1089 1079 1068 1055 1041 1029 1017 1005 992 980 967 971 975 980 986 997 1008 1015 1022 1018 1013 1008 1003 1002 1001 997 993 987 980 964 948 930 911 895 878 872 865 864 862 869 877 888 899 917 936 938 941 937 932 934 937 940 943 944 945 947 950 952 954 965 977 982 988 994 1001 1010 1019 1028 1038 1046 1054 1071 1088 1095 1102 1105 1108 1109 1110 1114
1120 1112 1104 1094 1083 1069 1054 1045 1036 1025 1013 1002 990 982 973 962 950 945 939 945 951 968 985 995 1006 1004 1001 995 988 986 984 977 969 955 940 926 911 898 885 876 866 864 861 861 861 875 889 919 950 954 959 955 950 946 942 942 941 946 951 956 962 964 967 973 979 983 987 996 1005 1026 1047 1057 1068 1072 1077 1078 1080 1090 1100 1109 1118 1121 1124 1123 1121 1125
1089 1081 1073 1059 1045 1028 1010 1007 1004 996 987 977 967 960 952 943 933 924 915 918 921 931 942 954 966 968 971 966 961 959 956 947 938 920 902 890 877 874 871 868 864 862 859 865 871 899 928 950 972 972 971 971 970 969 967 975 984 986 989 989 990 991 992 1001 1011 1005 999 1034 1069 1079 1090 1093 1096 1097 1098 1100 1103 1112 1121 1133 1146 1147 1148 1146 1144 1148
1045 1038 1031 1016 1000 986 972 971 970 967 964 954 943 934 925 918 911 906 900 897 893 893 893 910 927 932 937 931 924 915 906 898 890 880 870 870 869 875 882 877 872 874 877 882 888 919 950 968 987 990 993 998 1004 1004 1003 1007 1011 1022 1033 1043 1054 1053 1052 1067 1082 1094 1107 1107 1107 1115 1123 1126 1130 1130 1129 1135 1142 1146 1151 1155 1160 1160 1161 1162 1164 1177
994 990 985 969 953 946 938 937 935 934 932 920 908 903 898 897 895 895 895 882 869 864 859 873 887 894 902 896 890 877 863 859 855 856 858 869 880 890 901 902 903 906 909 912 916 938 960 978 996 1003 1011 1017 1024 1025 1027 1035 1043 1051 1059 1069 1080 1089 1098 1109 1121 1128 1135 1139 1144 1148 1152 1154 1156 1160 1164 1171 1178 1176 1173 1173 1172 1174 1177 1188 1199 1215
943 937 930 914 898 897 896 897 899 894 889 876 862 866 870 875 880 886 893 875 857 849 840 851 863 867 872 870 868 855 842 842 842 854 866 877 888 898 908 912 917 921 926 931 937 955 974 993 1013 1025 1038 1041 1045 1047 1050 1061 1072 1081 1090 1097 1104 1115 1127 1140 1153 1161 1169 1173 1177 1177 1177 1175 1172 1176 1181 1183 1186 1187 1188 1191 1194 1206 1218 1228 1239 1242
895 891 887 876 864 865 866 866 865 857 848 838 827 829 831 843 855 865 875 864 852 844 836 846 857 860 864 863 862 850 838 839 841 855 869 881 893 901 910 914 918 925 932 947 963 989 1015 1035 1056 1063 1070 1071 1073 1080 1088 1100 1112 1118 1125 1132 1140 1155 1170 1180 1191 1199 1207 1205 1203 1197 1190 1189 1188 1195 1203 1213 1223 1231 1240 1240 1239 1245 1252 1256 1261 1264
846 839 832 833 835 835 834 834 834 829 824 818 811 812 813 826 839 845 851 849 847 841 834 839 844 849 855 854 852 844 836 838 841 854 867 884 902 912 922 926 930 943 957 981 1005 1033 1061 1075 1089 1092 1095 1101 1108 1114 1121 1131 1141 1149 1157 1170 1183 1193 1203 1216 1230 1238 1247 1246 1244 1240 1235 1231 1226 1234 1242 1251 1260 1262 1265 1265 1265 1268 1271 1278 1285 1295
812 806 799 805 812 811 810 810 809 808 807 807 806 807 808 815 822 828 834 834 834 832 829 831 833 835 837 837 837 835 832 836 841 857 873 896 920 927 935 943 952 969 986 1017 1049 1068 1088 1100 1112 1116 1120 1127 1134 1142 1150 1157 1165 1171 1177 1191 1205 1220 1236 1248 1261 1265 1269 1270 1271 1273 1275 1272 1268 1272 1276 1277 1279 1281 1283 1284 1286 1292 1298 1312 1327 1342
780 772 763 773 784 794 804 805 807 805 803 802 801 801 802 805 809 818 827 830 833 832 830 830 831 831 830 830 829 829 828 833 839 859 880 904 929 940 952 961 970 995 1021 1052 1083 1101 1120 1126 1132 1135 1139 1146 1154 1161 1169 1175 1181 1185 1190 1210 1231 1248 1266 1278 1290 1291 1293 1291 1288 1288 1288 1287 1286 1287 1288 1290 1293 1295 1298 1301 1304 1315 1326 1351 1376 1392
742 734 726 740 755 776 798 801 805 805 805 805 805 804 803 808 813 822 831 832 833 831 829 827 825 828 831 831 830 831 832 838 845 870 895 919 943 951 960 984 1009 1042 1076 1095 1115 1125 1136 1140 1144 1149 1155 1162 1170 1175 1181 1188 1195 1209 1223 1245 1267 1280 1293 1297 1302 1302 1302 1299 1295 1292 1289 1292 1295 1303 1312 1317 1323 1322 1321 1325 1330 1342 1355 1382 1409 1414
700 698 696 714 733 757 782 793 804 807 810 811 812 811 809 814 819 828 837 842 847 848 849 840 831 830 829 833 838 843 848 859 871 895 919 944 969 994 1020 1047 1074 1090 1106 1118 1131 1138 1145 1150 1156 1166 1177 1188 1199 1206 1214 1223 1232 1248 1265 1275 1285 1293 1302 1305 1308 1308 1307 1304 1300 1298 1296 1302 1309 1321 1333 1336 1339 1338 1337 1341 1346 1364 1383 1402 1421 1421
662 664 666 690 714 744 774 784 794 800 806 813 820 820 821 829 837 847 857 863 870 871 873 871 869 869 886 890 897 896 913 933 943 988 988 1010 1032 1049 1066 1084 1103 1119 1136 1143 1150 1157 1165 1174 1184 1198 1212 1222 1232 1243 1254 1267 1280 1283 1287 1292 1298 1305 1313 1314 1315 1314 1313 1311 1309 1311 1314 1320 1327 1333 1340 1340 1339 1339 1340 1345 1351 1370 1389 1405 1422 1418
649 651 654 675 697 729 761 771 782 793 805 820 835 838 841 846 852 868 884 892 901 908 915 923 931 938 946 947 949 949 962 1026 1026 1032 1039 1049 1059 1078 1098 1116 1135 1148 1162 1169 1177 1185 1193 1205 1218 1230 1242 1256 1271 1280 1290 1298 1306 1310 1315 1317 1320 1325 1330 1331 1333 1329 1324 1325 1326 1331 1337 1339 1342 1344 1347 1348 1349 1346 1342 1342 1342 1350 1358 1373 1388 1386
642 646 650 670 690 722 754 764 774 796 818 826 835 842 850 866 882 899 916 924 933 940 947 955 964 970 977 989 1002 1016 1031 1030 1028 1038 1049 1064 1080 1102 1125 1139 1153 1170 1188 1196 1205 1214 1223 1236 1250 1263 1276 1285 1295 1304 1314 1319 1325 1330 1335 1335 1336 1342 1348 1346 1343 1338 1333 1334 1335 1340 1346 1349 1353 1359 1365 1362 1358 1348 1338 1328 1318 1317 1316 1324 1332 1334
642 646 651 669 687 714 742 763 785 799 814 825 837 854 871 892 914 930 947 955 963 969 975 982 990 1004 1019 1034 1050 1055 1060 1063 1067 1080 1094 1120 1147 1168 1190 1203 1217 1219 1222 1228 1234 1243 1253 1266 1280 1290 1301 1309 1317 1323 1330 1334 1338 1341 1344 1344 1345 1348 1352 1349 1346 1342 1338 1335 1332 1334 1336 1346 1357 1360 1363 1354 1344 1331 1317 1307 1297 1290 1283 1281 1278 1280
650 656 663 679 696 723 750 774 798 812 826 843 860 880 901 923 946 957 968 976 985 993 1002 1014 1026 1043 1060 1067 1075 1079 1083 1091 1099 1121 1144 1177 1211 1222 1234 1235 1237 1240 1244 1247 1251 1267 1284 1296 1308 1312 1317 1322 1328 1333 1338 1342 1346 1350 1354 1356 1359 1358 1357 1354 1351 1348 1344 1338 1331 1331 1331 1335 1340 1335 1330 1321 1311 1307 1302 1299 1295 1287 1278 1267 1256 1248
663 671 679 702 726 747 768 785 803 828 853 872 891 913 936 949 963 970 978 990 1002 1015 1029 1042 1056 1070 1084 1092 1100 1101 1103 1111 1120 1149 1178 1203 1229 1237 1245 1248 1251 1257 1264 1274 1285 1297 1309 1319 1330 1336 1343 1344 1345 1351 1358 1359 1360 1361 1362 1362 1362 1360 1357 1351 1345 1339 1332 1327 1321 1315 1309 1306 1302 1296 1290 1286 1281 1284 1287 1290 1293 1288 1283 1266 1249 1235
674 690 707 735 764 777 791 814 838 866 895 906 917 928 939 950 962 970 979 996 1014 1027 1040 1055 1070 1085 1100 1105 1111 1111 1111 1119 1128 1154 1181 1202 1223 1232 1241 1246 1252 1265 1278 1289 1300 1307 1314 1323 1332 1336 1341 1346 1351 1353 1356 1355 1354 1353 1351 1349 1347 1343 1338 1333 1327 1321 1314 1309 1304 1296 1288 1279 1269 1264 1259 1258 1256 1257 1258 1261 1265 1262 1259 1245 1231 1215
696 723 750 768 786 804 822 852 882 897 912 916 920 931 942 953 965 978 991 1007 1024 1034 1044 1060 1077 1090 1103 1106 1110 1109 1108 1116 1124 1143 1163 1179 1196 1207 1218 1232 1247 1267 1287 1295 1303 1309 1315 1323 1331 1334 1338 1339 1340 1340 1340 1336 1332 1329 1325 1323 1320 1317 1314 1309 1304 1298 1291 1284 1276 1271 1266 1259 1252 1248 1243 1239 1235 1231 1227 1227 1226 1222 1217 1204 1191 1178
734 754 775 791 807 828 849 877 906 912 918 923 929 937 945 957 970 984 999 1013 1027 1037 1048 1062 1077 1091 1106 1109 1112 1109 1105 1109 1113 1127 1141 1156 1171 1187 1204 1228 1252 1269 1287 1295 1304 1315 1327 1331 1336 1338 1341 1340 1338 1334 1329 1321 1313 1307 1300 1298 1296 1294 1291 1288 1284 1278 1272 1263 1254 1250 1245 1239 1233 1230 1226 1222 1218 1211 1203 1198 1193 1185 1177 1163 1149 1138
766 778 790 802 815 838 861 881 901 907 914 922 930 937 945 959 974 988 1002 1015 1028 1039 1051 1065 1080 1091 1103 1107 1111 1109 1107 1107 1108 1118 1128 1148 1168 1195 1223 1243 1264 1278 1292 1299 1307 1312 1317 1320 1324 1325 1327 1326 1325 1319 1313 1305 1296 1289 1282 1278 1274 1270 1266 1261 1256 1252 1248 1243 1237 1232 1226 1220 1213 1212 1210 1206 1202 1194 1185 1180 1174 1162 1150 1134 1118 1109
784 789 795 806 817 839 862 879 897 905 913 918 923 932 941 958 975 987 1000 1010 1020 1031 1043 1053 1064 1078 1092 1097 1102 1103 1104 1106 1108 1114 1120 1155 1190 1208 1227 1244 1261 1269 1278 1279 1280 1283 1286 1287 1289 1288 1286 1285 1283 1280 1277 1273 1268 1261 1254 1248 1242 1238 1234 1229 1223 1221 1219 1216 1213 1211 1208 1201 1194 1189 1183 1180 1176 1170 1163 1156 1148 1136 1123 1109 1095 1087
777 785 794 808 822 840 858 871 885 894 903 909 915 926 938 949 961 973 986 997 1008 1016 1025 1037 1050 1064 1079 1084 1090 1091 1092 1095 1098 1109 1121 1156 1191 1205 1219 1226 1233 1240 1248 1251 1255 1259 1263 1262 1260 1255 1249 1250 1251 1248 1245 1243 1240 1231 1222 1214 1205 1202 1199 1196 1193 1189 1184 1183 1181 1180 1179 1174 1168 1164 1159 1148 1137 1137 1136 1136 1079 1069 1069 1064 1059 1055
770 780 791 805 820 834 848 855 862 871 880 890 901 909 917 925 934 947 960 971 983 990 998 1012 1026 1040 1055 1058 1062 1063 1065 1070 1075 1090 1105 1136 1168 1182 1196 1201 1206 1214 1222 1232 1242 1242 1243 1240 1236 1231 1225 1226 1228 1228 1227 1221 1215 1204 1193 1182 1170 1168 1166 1163 1160 1155 1149 1149 1148 1144 1139 1134 1128 1121 1113 1101 1089 1066 1043 1034 1024 1022 1019 1019 1018 1016
759 770 782 798 814 824 834 837 840 845 851 862 874 882 890 897 904 914 925 935 946 953 960 972 984 1001 1018 1020 1022 1024 1027 1033 1039 1058 1077 1106 1135 1149 1164 1169 1174 1180 1187 1196 1205 1206 1207 1205 1203 1202 1200 1199 1198 1195 1192 1185 1178 1169 1160 1153 1145 1144 1143 1137 1131 1124 1116 1111 1106 1100 1093 1086 1078 1067 1055 1032 1009 990 970 969 967 972 977 980 984 994
738 748 758 774 791 799 808 811 815 818 821 830 839 848 857 864 871 878 886 891 897 903 910 918 927 927 948 956 950 951 945 951 971 998 1029 1120 1120 1125 1130 1134 1139 1140 1142 1148 1155 1158 1161 1164 1167 1167 1168 1163 1157 1149 1141 1136 1131 1126 1121 1117 1113 1114 1116 1108 1100 1087 1073 1063 1053 1042 1030 1020 1010 998 986 969 951 947 942 945 949 952 956 963 971 1015
718 726 735 750 766 776 786 789 792 795 799 803 808 816 824 828 833 836 839 841 843 845 848 847 846 846 867 865 873 856 856 856 873 897 921 968 1018 1101 1101 1096 1091 1096 1101 1106 1111 1116 1121 1123 1126 1126 1127 1126 1125 1109 1093 1087 1081 1078 1074 1074 1074 1075 1076 1065 1054 1037 1019 1009 998 989 980 967 954 946 937 933 929 928 926 926 925 929 934 976 1019 1054
704 716 728 748 769 776 784 783 781 782 784 790 796 797 799 798 797 795 793 794 795 794 792 791 790 792 794 796 798 799 800 801 803 799 794 794 919 998 998 1012 1027 1044 1062 1070 1078 1083 1088 1088 1089 1085 1081 1080 1079 1070 1060 1048 1036 1036 1035 1032 1029 1028 1027 1018 1008 997 986 973 960 949 937 923 909 910 912 910 908 900 891 892 894 922 951 1007 1063 1079
693 709 726 750 774 779 784 778 771 770 769 775 781 781 780 772 764 762 759 758 757 755 753 751 748 748 747 749 751 752 754 759 765 774 784 805 827 869 912 945 978 999 1020 1032 1044 1048 1053 1054 1055 1049 1043 1041 1039 1032 1024 1014 1003 1002 1000 1000 999 996 992 986 980 970 959 952 944 925 905 901 897 898 899 886 873 868 863 874 886 952 1018 1046 1074 1084
687 699 711 728 745 750 756 754 752 752 751 755 759 754 748 744 739 736 732 732 732 729 725 725 724 723 721 723 726 728 730 735 741 749 757 771 785 819 854 889 924 951 978 990 1002 1008 1014 1020 1027 1022 1016 1013 1009 1003 996 983 969 967 965 965 965 962 958 951 943 932 921 908 894 883 871 874 877 869 860 852 844 850 857 889 922 972 1023 1048 1074 1088
683 687 692 699 707 716 726 728 731 734 738 738 737 730 722 719 715 715 714 714 715 715 715 712 709 708 707 707 708 710 713 718 723 728 733 744 755 784 813 848 883 907 931 941 952 960 969 977 985 981 976 976 975 970 964 955 946 939 931 931 931 928 924 913 902 890 877 867 856 851 845 846 847 840 833 836 840 850 860 894 928 987 1047 1070 1093 1108
676 678 681 686 692 700 708 711 714 717 720 719 718 714 710 704 697 698 700 702 704 704 703 702 701 701 701 701 700 701 703 705 707 709 711 718 726 751 777 808 840 859 878 887 896 908 920 924 928 928 927 928 930 930 930 926 921 913 905 900 894 884 874 864 853 844 834 830 825 825 825 826 828 829 831 837 843 855 867 905 944 1009 1075 1099 1123 1141
670 673 676 678 680 688 697 699 702 703 705 704 703 701 698 693 688 691 695 694 692 693 694 695 697 699 701 701 700 700 701 700 699 701 703 709 715 730 745 773 801 817 833 835 838 847 856 865 875 877 880 883 887 889 892 892 893 890 886 882 877 860 842 834 826 822 818 818 818 820 823 830 838 842 846 850 854 870 886 955 1025 1062 1099 1124 1149 1173
668 668 669 668 667 669 671 669 667 669 672 677 682 682 683 680 676 680 685 685 685 686 687 689 691 692 694 696 699 700 702 703 705 706 708 710 712 720 728 743 758 770 782 785 789 792 796 812 829 839 849 852 856 860 864 866 868 863 857 849 841 834 827 822 817 817 818 819 820 823 826 834 843 847 851 851 897 963 963 1013 1064 1091 1119 1145 1172 1198
662 662 661 653 645 640 634 630 626 633 640 647 654 656 658 662 666 669 672 672 671 672 673 678 683 690 697 700 704 704 703 705 708 712 717 716 714 716 719 725 731 739 747 750 753 761 769 785 801 812 824 829 835 838 842 841 840 829 817 817 817 817 817 817 817 817 817 821 826 825 824 829 835 835 915 936 964 990 1023 1094 1094 1117 1140 1167 1194 1213
645 638 631 622 613 604 595 595 595 599 604 611 618 627 636 649 663 663 663 662 661 661 662 672 683 697 712 711 709 708 706 709 712 715 719 718 717 715 713 717 721 724 727 732 737 748 759 773 787 797 807 814 821 830 839 836 833 825 817 817 817 817 817 817 817 821 826 829 832 824 816 816 918 1018 1018 1027 1037 1054 1072 1088 1105 1119 1133 1154 1176 1207
614 605 595 595 595 595 595 595 595 595 595 598 602 612 623 634 645 650 656 659 663 667 672 682 692 704 717 717 716 714 711 714 717 720 723 722 720 716 712 713 714 716 718 721 724 734 744 760 777 786 796 802 809 817 825 827 829 823 817 817 817 817 817 817 817 824 831 850 870 904 938 967 996 1017 1039 1052 1065 1076 1088 1093 1098 1103 1109 1130 1151 1191
