assets/srtm_39_01.asc
ncols         6000
nrows         6000
xllcorner     10
yllcorner     55
cellsize      0.00083333333333333
NODATA_value  -9999
[rows 42 to 83 of 97, columns 1805 to 1899 of 6000]
204 205 205 206 210 214 216 219 219 220 219 217 217 216 218 220 225 231 237 243 245 247 250 253 247 240 223 206 213 221 231 242 243 244 243 242 240 237 231 224 213 201 192 183 185 188 202 216 226 236 241 246 246 246 246 245 245 244 241 237 230 223 224 225 228 231 238 245 246 248 246 244 241 237 233 229 232 236 241 247 249 251 247 242 232 221 234 247 265 284 299 314 321 329 330
203 205 207 210 212 214 215 216 217 219 218 216 216 216 219 223 227 231 235 239 241 243 245 247 241 234 218 202 206 211 223 235 238 241 241 241 238 235 230 224 213 202 191 180 181 182 200 218 225 233 237 241 242 244 243 242 242 243 240 236 232 227 225 223 223 224 229 235 241 247 246 244 239 234 230 225 229 234 237 240 241 242 237 232 224 216 230 245 260 276 287 299 307 316 319
203 205 208 211 212 213 213 213 214 215 215 216 216 217 219 222 225 229 233 238 240 242 243 244 238 232 217 201 203 205 215 226 230 235 235 234 230 225 218 211 202 193 186 178 179 181 198 216 223 231 232 233 237 242 241 240 240 239 237 235 233 230 226 222 222 223 224 225 232 239 239 240 238 235 226 216 217 219 227 236 235 234 228 221 216 211 224 238 251 264 272 280 290 300 303
204 205 207 209 211 213 212 211 211 211 212 214 215 216 218 220 224 229 231 234 236 239 240 242 238 233 217 201 202 204 213 223 226 230 229 227 216 204 196 188 189 191 189 187 188 190 201 213 220 227 227 228 232 236 236 236 233 229 228 226 229 232 228 223 221 219 219 220 224 229 234 239 239 238 230 222 215 207 214 222 224 226 220 214 208 202 213 224 237 251 258 266 274 283 289
204 201 202 203 206 209 207 205 207 210 212 215 216 217 219 221 223 226 228 230 233 236 238 241 235 228 215 201 202 204 213 222 223 225 219 213 201 189 187 185 189 194 194 193 193 194 198 202 211 220 222 225 227 230 230 229 225 220 221 222 224 226 226 227 224 220 219 217 218 220 226 232 233 234 230 225 215 205 207 210 214 219 213 207 201 195 205 215 230 245 251 258 264 270 277
199 194 193 192 195 198 198 199 204 210 212 215 216 218 218 219 221 223 225 228 231 234 236 239 235 231 218 205 202 199 206 213 213 214 206 198 192 185 187 189 190 191 191 191 193 195 195 196 203 210 215 221 221 221 221 221 218 215 214 213 216 219 220 221 222 224 219 213 215 217 221 225 225 225 223 220 213 205 199 193 196 200 200 200 195 189 197 205 221 237 242 248 253 259 265
195 192 188 184 188 192 195 198 204 210 211 212 214 217 217 217 217 218 220 223 227 231 232 234 232 229 216 203 196 188 196 204 203 201 193 185 186 188 189 191 189 187 187 188 190 192 190 187 193 200 205 211 211 211 213 216 216 215 211 206 207 208 209 210 214 219 214 209 209 210 217 224 224 224 221 218 212 205 196 186 182 178 179 180 180 181 194 207 220 233 237 242 247 252 257
191 189 185 181 183 186 191 197 202 207 208 209 212 216 216 215 216 217 218 219 222 225 227 229 227 224 212 199 188 176 182 188 184 180 181 182 188 194 193 192 190 187 188 189 190 191 188 185 187 190 195 201 206 211 213 215 214 213 211 209 207 204 205 206 207 209 205 200 201 203 211 219 220 222 219 215 208 200 193 186 179 171 171 170 173 177 195 213 227 241 243 246 246 246 249
182 183 182 180 180 179 184 190 195 201 203 206 209 212 213 215 215 215 215 216 219 222 221 220 216 212 202 192 182 171 171 170 171 173 182 191 195 200 200 199 195 190 190 189 191 193 191 188 188 187 191 195 200 205 206 207 209 211 210 209 207 205 200 194 193 192 193 194 198 202 209 217 218 220 217 213 205 196 187 178 173 167 170 173 178 183 200 218 232 246 248 251 249 247 246
174 175 175 175 176 177 180 184 188 192 194 197 202 208 211 215 214 213 214 216 216 217 216 215 210 204 192 180 174 168 170 172 178 184 192 200 201 203 203 204 199 194 193 191 191 192 191 190 189 188 187 185 189 194 196 198 200 203 205 208 209 210 206 202 196 190 190 191 193 196 202 208 212 216 212 208 198 188 182 175 172 169 176 184 187 190 199 209 222 236 242 248 248 249 246
171 172 172 173 175 178 184 191 192 193 194 196 202 209 211 213 213 212 212 212 212 212 211 209 201 192 184 175 172 169 172 175 183 191 195 199 201 203 204 205 201 196 193 189 187 184 185 186 187 189 185 181 185 189 192 196 197 199 204 209 211 214 212 210 202 194 191 187 187 188 191 195 198 202 200 197 191 185 180 174 173 172 181 191 191 192 197 203 213 223 229 236 237 239 239
170 171 173 175 176 178 187 196 197 199 199 199 202 206 208 210 208 205 205 206 205 203 196 189 183 177 175 172 171 170 171 173 183 193 196 199 201 203 202 200 198 195 193 191 186 180 181 182 188 195 191 187 187 188 193 198 198 198 203 209 212 216 215 213 205 196 190 184 186 189 193 197 196 195 192 189 183 176 173 169 172 175 178 181 181 181 187 194 202 211 215 219 219 218 219
171 170 171 173 176 180 185 191 195 199 199 200 200 201 202 203 199 194 191 188 184 179 171 163 165 168 168 168 167 165 168 171 182 193 196 199 200 201 198 195 194 192 191 189 183 177 178 179 187 195 193 190 190 190 195 201 200 199 202 206 209 212 210 208 204 199 194 189 187 185 193 201 199 197 191 185 179 172 171 169 171 173 176 179 177 174 180 187 193 199 202 205 210 216 215
173 173 175 178 180 183 186 190 192 195 195 196 195 193 190 186 178 169 165 161 158 154 152 150 153 157 157 157 159 162 167 172 181 190 194 198 198 198 197 195 190 184 184 184 176 168 169 171 181 192 194 196 193 190 194 199 201 204 204 203 205 208 205 202 201 200 197 194 189 183 189 195 195 195 186 176 172 168 167 165 166 168 172 176 174 171 175 179 185 191 198 206 215 225 225
177 171 174 178 178 179 183 187 186 185 185 184 179 174 169 163 159 155 154 153 149 145 145 145 147 150 153 157 163 169 171 174 179 184 186 189 191 194 193 192 184 176 173 170 168 165 165 166 175 185 190 196 193 189 190 192 198 204 205 207 206 205 205 206 205 203 201 198 190 182 182 183 188 193 180 167 162 156 155 154 155 157 161 165 168 171 174 178 188 198 207 217 222 227 226
185 176 173 169 169 170 174 178 177 176 172 168 163 157 155 152 152 151 150 148 147 146 148 151 152 153 157 162 166 171 171 170 172 175 179 183 184 186 185 183 177 170 168 165 165 165 165 165 175 185 189 194 192 190 188 185 191 198 202 207 207 206 207 209 209 209 208 207 198 189 181 172 178 184 176 167 159 150 149 148 151 154 167 181 183 186 185 183 191 200 210 220 223 226 227
182 174 171 168 167 165 167 170 166 162 158 154 153 152 151 149 147 145 145 146 149 152 154 157 157 157 160 163 165 168 167 166 166 165 169 173 174 176 173 170 167 163 163 164 166 169 171 174 179 185 188 191 192 193 190 187 192 198 200 202 203 204 207 210 211 212 211 210 205 199 186 173 173 173 171 169 159 149 149 149 152 155 168 181 184 188 187 186 187 188 202 216 220 224 222
174 169 167 165 162 159 158 156 152 148 146 143 143 143 143 144 145 146 148 151 153 155 155 156 156 156 158 161 163 166 166 167 166 164 164 164 164 165 165 164 163 162 163 164 167 171 174 178 178 178 182 186 190 194 190 186 190 195 198 202 203 204 205 207 209 212 213 214 207 200 190 179 176 172 170 167 160 152 152 152 152 153 161 170 179 189 189 189 183 176 184 193 203 214 212
163 159 156 153 151 149 147 145 144 143 142 141 141 142 143 145 148 152 154 157 157 157 157 157 157 158 161 165 165 166 166 167 166 165 163 160 161 162 162 162 161 159 160 161 164 168 171 174 175 176 181 187 191 195 190 185 186 188 195 202 203 205 205 206 209 213 214 216 209 201 191 181 176 170 167 164 158 151 151 150 150 151 157 164 176 189 189 189 181 173 174 175 185 195 197
154 150 148 145 144 143 143 142 142 141 141 142 143 144 145 147 151 155 158 161 161 160 161 162 164 166 168 170 170 171 172 174 169 164 161 157 158 159 160 162 162 161 161 160 163 167 170 173 173 174 180 187 192 198 195 191 186 181 187 194 200 207 207 206 207 209 210 212 209 205 198 191 182 172 170 168 161 153 154 155 154 152 156 160 168 177 178 180 180 181 182 183 186 189 196
146 144 143 142 142 142 142 142 142 142 143 144 145 147 149 152 156 161 161 162 162 163 168 173 175 177 178 180 180 179 179 180 175 169 164 158 159 161 162 163 162 161 161 162 165 169 172 175 175 174 180 186 193 200 198 195 189 182 185 188 195 203 206 209 208 207 207 207 205 203 199 194 184 173 170 166 162 157 157 158 154 150 151 153 157 161 170 179 185 192 191 189 187 185 191
144 143 143 142 143 144 144 144 144 145 145 146 148 150 153 156 159 162 163 165 170 175 177 180 178 175 179 184 184 184 183 182 179 176 173 170 166 161 161 161 161 161 162 164 168 172 174 177 176 175 179 183 191 200 199 198 191 183 182 181 188 195 201 208 206 204 202 200 197 194 191 187 176 165 161 156 155 153 153 152 152 151 151 150 158 167 178 190 191 192 189 186 183 180 181
143 144 144 144 144 145 147 150 150 151 151 151 151 152 156 160 164 169 175 181 185 189 187 184 180 176 180 184 187 191 191 190 186 182 177 172 167 162 162 162 162 163 165 167 170 173 176 180 179 177 179 182 193 204 205 206 200 193 187 181 186 191 198 206 204 202 200 197 190 183 179 174 166 158 154 149 149 148 146 144 150 157 158 159 167 176 183 190 188 186 182 177 177 176 174
145 148 149 150 150 149 152 156 158 161 163 166 164 162 165 169 176 184 188 192 193 195 191 186 183 180 184 189 192 195 195 194 189 184 179 174 168 162 161 159 160 162 164 167 172 177 177 176 176 177 177 177 188 199 204 210 207 204 196 187 187 188 195 202 201 199 198 196 192 187 179 170 163 155 154 152 151 149 146 143 150 157 164 171 174 178 180 182 179 175 171 166 167 169 167
150 152 154 156 156 157 159 162 167 172 176 180 179 177 179 181 186 192 195 198 196 194 192 189 189 188 191 195 196 197 196 195 188 181 178 175 168 161 157 153 155 158 161 164 168 173 175 177 177 178 175 172 180 189 200 211 208 205 195 184 186 189 194 199 198 196 194 192 190 187 180 172 163 153 153 154 153 151 146 141 144 147 156 165 169 174 174 173 168 163 160 157 158 160 160
158 162 164 166 168 170 171 172 178 185 189 193 193 192 191 190 194 198 201 204 203 202 202 203 202 201 201 201 200 199 195 191 185 179 175 170 169 167 163 159 160 161 162 163 163 164 170 177 177 177 172 166 172 179 192 206 205 204 190 176 178 181 186 191 193 195 193 191 188 184 179 174 168 162 156 149 147 144 142 139 139 138 147 156 162 168 166 163 159 155 157 159 166 173 176
173 179 175 171 173 175 177 179 185 191 196 201 201 200 196 192 194 197 202 207 207 206 206 207 207 208 206 204 200 196 189 182 178 173 171 169 170 171 167 162 161 159 162 165 163 160 162 165 168 172 166 159 164 170 180 191 194 197 183 168 170 173 177 181 187 194 194 194 191 188 184 180 178 175 168 160 152 143 139 135 136 137 145 153 161 169 164 158 156 153 158 164 174 185 188
180 184 183 181 181 181 183 186 189 193 199 205 205 205 199 193 195 197 202 207 208 210 211 212 211 209 208 206 202 197 189 180 180 179 175 171 170 169 169 168 164 159 158 157 156 155 155 156 159 162 158 154 157 161 168 175 178 182 172 161 160 159 162 165 172 180 186 192 192 192 190 188 182 176 170 164 156 147 142 136 136 135 138 142 149 156 152 148 147 146 156 166 176 186 188
186 190 190 191 191 191 189 187 190 193 199 205 206 208 204 199 198 197 200 203 208 213 214 216 212 208 207 206 201 195 190 184 184 185 183 180 178 176 176 176 171 165 161 156 152 148 149 150 150 151 150 149 152 155 158 161 161 160 157 154 155 156 158 160 163 166 171 177 182 187 187 188 184 180 170 159 152 145 141 137 135 133 134 135 138 142 142 141 140 139 150 162 172 182 183
192 198 200 202 201 200 197 194 194 193 200 207 208 210 207 203 202 200 200 201 206 212 214 216 213 210 208 205 201 196 193 190 191 193 192 191 187 183 181 178 173 168 165 161 155 149 149 148 148 147 150 153 153 154 154 155 153 150 150 151 158 165 166 167 165 163 163 164 169 175 180 185 183 181 170 158 155 151 146 140 137 134 134 134 136 138 140 142 140 137 146 155 164 174 176
195 201 203 205 204 203 201 199 196 192 196 200 204 209 209 208 205 201 201 201 205 209 210 212 210 208 207 205 202 199 198 196 197 199 198 197 193 188 182 176 176 175 174 173 168 162 160 157 154 151 151 150 150 151 149 147 147 147 147 147 152 158 162 166 166 165 161 157 159 161 169 177 177 177 167 157 153 149 145 140 138 135 138 141 140 139 140 142 143 144 148 152 154 157 163
197 201 202 203 203 203 203 202 198 194 194 195 201 207 208 209 207 204 200 196 199 203 203 204 205 206 205 203 203 202 201 200 201 202 201 200 196 191 186 181 185 189 188 186 183 179 174 169 162 155 154 152 152 152 149 145 144 142 142 142 146 151 157 164 166 169 163 157 155 153 160 168 168 169 163 157 152 147 145 143 141 138 138 137 139 142 143 145 145 145 146 148 148 149 154
194 195 195 194 195 197 199 202 200 197 195 192 196 201 204 208 205 201 196 190 191 193 193 193 196 200 199 197 197 198 198 198 199 201 201 202 202 202 197 191 194 197 197 196 194 192 186 180 169 157 154 150 150 151 149 147 145 142 142 143 147 151 153 156 159 163 162 160 155 149 151 153 155 158 154 150 147 144 142 139 139 138 137 136 138 140 141 143 143 144 144 145 147 149 151
187 190 188 186 188 190 195 201 198 195 192 189 193 197 200 203 202 200 196 192 191 190 190 190 192 194 193 191 192 194 194 195 197 200 205 210 211 213 208 202 202 202 203 204 202 200 192 183 171 158 153 148 148 149 148 147 144 141 142 144 146 148 149 151 152 154 155 156 152 147 149 152 154 157 152 146 143 140 140 140 140 139 138 136 136 136 138 141 144 148 148 149 150 151 152
170 174 177 181 183 186 188 191 192 194 192 189 190 191 194 197 197 196 194 192 190 188 186 183 184 186 186 185 186 188 188 187 191 196 203 211 213 215 213 210 209 208 207 205 199 192 184 176 169 162 155 148 148 147 146 144 142 140 141 143 145 148 148 148 146 144 144 144 144 144 147 151 156 161 156 150 145 140 140 141 140 139 137 134 134 135 137 140 146 152 154 157 156 154 152
159 163 170 178 181 184 186 188 188 188 188 188 189 191 191 190 190 189 189 190 188 185 183 181 181 180 179 178 180 183 183 184 186 188 196 204 208 212 209 206 206 206 207 208 203 198 190 182 173 163 155 147 146 144 143 141 141 140 141 142 144 147 145 143 141 139 139 139 141 143 146 149 151 154 152 149 145 140 140 140 138 136 136 137 136 135 136 138 145 152 155 158 157 155 152
153 154 157 160 164 168 170 173 174 176 179 182 185 189 188 187 187 186 188 190 186 182 178 174 174 174 174 173 174 176 179 182 184 187 194 202 204 207 205 203 202 200 203 206 202 198 188 177 168 158 153 147 144 141 141 141 141 142 143 145 147 149 147 145 144 142 142 142 142 142 143 144 146 148 146 143 141 138 138 138 136 134 134 134 134 134 138 143 150 157 157 156 156 155 155
149 149 150 152 154 156 157 159 161 163 164 166 171 176 179 182 183 185 186 187 184 180 178 175 174 172 171 169 169 169 171 173 176 180 188 196 198 201 201 200 199 198 198 199 192 184 173 161 157 152 150 147 144 141 142 143 144 146 147 149 150 152 149 146 146 145 145 145 143 140 140 140 141 143 141 139 139 139 139 138 136 134 134 133 133 133 139 145 152 159 159 160 158 156 154
149 150 150 151 152 153 154 155 155 156 156 155 157 159 166 173 174 175 177 179 176 173 173 173 171 169 168 167 165 162 163 164 167 170 176 182 186 190 189 187 186 185 182 178 170 161 155 148 148 149 147 145 144 143 144 145 146 147 147 148 149 151 149 147 145 143 143 142 140 138 137 136 138 140 139 138 138 137 137 138 137 135 135 136 136 137 142 148 153 159 162 166 165 164 158
156 157 158 159 159 158 157 156 156 155 155 155 154 153 156 160 163 167 170 174 172 170 170 169 168 166 164 161 160 159 161 163 163 162 163 165 165 166 163 160 159 157 155 152 148 143 143 144 145 146 146 145 145 146 146 146 147 148 149 150 150 151 148 145 143 140 140 140 139 137 135 133 135 137 137 137 137 137 137 138 137 135 136 137 138 139 142 145 149 154 159 165 165 164 160
162 165 165 164 162 160 159 157 156 155 157 159 159 158 157 156 160 164 169 175 174 172 167 162 162 162 160 158 157 155 157 160 160 159 157 155 152 149 146 143 142 141 141 140 141 143 145 147 147 146 146 145 145 146 147 148 150 153 153 153 151 149 147 144 141 138 137 136 135 134 133 131 133 136 136 136 135 134 134 134 133 132 134 136 137 138 141 144 148 153 159 166 165 163 161
169 175 173 171 167 162 161 159 159 159 161 163 166 169 167 165 162 159 162 165 167 170 165 160 158 155 155 155 152 148 150 153 151 149 147 145 143 140 140 140 140 140 140 140 143 146 147 149 148 147 146 145 145 146 147 148 149 150 149 148 147 145 144 142 139 136 135 134 134 133 131 129 132 135 135 135 134 132 131 130 130 131 132 133 135 137 140 143 146 149 155 162 162 162 160
