assets/srtm_38_01.asc
ncols         6000
nrows         6000
xllcorner     5
yllcorner     55
cellsize      0.00083333333333333
NODATA_value  -9999
[rows 0 to 37 of 84, columns 172 to 257 of 6000]
78 68 57 52 47 47 46 45 44 45 47 46 45 44 43 47 52 58 65 70 75 79 83 88 94 98 102 101 99 99 98 103 109 111 114 112 110 102 94 89 84 82 80 75 70 69 67 72 78 86 94 108 122 136 151 155 159 155 151 145 138 133 127 120 113 98 82 67 51 45 38 35 32 32 32 27 21 17 13 -9999 -9999 -9999 -9999 -9999 -9999 -9999
96 99 103 90 76 67 58 54 50 48 45 44 43 43 43 48 53 58 63 67 71 76 81 89 97 102 108 104 99 98 97 104 111 118 126 124 122 115 108 102 96 92 87 84 81 80 78 78 78 83 88 98 108 119 130 139 149 153 157 157 157 151 144 134 123 106 89 73 56 52 48 43 38 31 24 21 18 16 13 9 4 -9999 -9999 -9999 -9999 -9999
93 101 109 112 115 107 98 86 73 62 51 49 46 46 47 50 53 57 61 65 69 73 78 86 95 101 108 106 103 100 96 102 109 120 132 132 131 128 124 120 116 112 107 105 103 96 88 83 78 81 84 91 98 104 111 120 130 141 152 160 168 165 162 150 138 122 105 84 63 57 50 44 38 29 19 17 15 15 16 10 4 -9999 -9999 -9999 -9999 -9999
96 102 108 113 118 121 124 121 117 98 78 70 62 64 67 65 62 61 60 66 72 74 76 82 88 96 105 107 110 107 103 109 115 127 139 141 143 140 136 132 128 127 125 122 118 112 105 95 85 84 82 85 89 93 98 106 114 128 143 155 167 171 175 163 150 135 120 102 84 69 53 47 40 33 26 30 35 32 29 22 15 -9999 -9999 -9999 -9999 -9999
102 108 115 116 118 124 130 134 139 135 130 118 106 104 101 100 99 87 74 74 75 78 81 82 84 92 100 104 108 108 108 115 122 130 138 145 152 151 150 147 143 139 135 130 125 117 108 105 101 94 86 85 83 85 87 94 101 113 126 139 153 164 176 167 158 145 132 120 107 89 70 60 49 44 39 42 45 44 43 33 23 16 8 4 -9999 -9999
87 96 106 114 122 125 128 134 141 143 146 144 142 136 130 127 123 113 103 92 80 80 81 83 86 89 93 97 102 106 111 115 120 128 136 143 150 153 156 154 152 151 150 144 137 126 114 114 115 110 104 99 93 87 81 86 91 100 109 121 134 150 167 170 173 162 150 138 125 112 98 82 65 61 56 54 52 52 51 43 35 30 24 12 -9999 -9999
85 89 93 104 115 119 124 129 134 141 148 146 143 142 141 139 136 133 130 117 104 96 88 88 89 92 96 99 103 109 116 118 120 124 128 136 144 149 154 154 154 154 153 151 148 140 131 127 123 121 119 111 102 95 88 87 85 90 96 105 115 130 145 156 167 164 161 151 140 127 114 101 87 77 66 62 57 55 53 50 46 41 35 31 27 -9999
83 85 88 97 106 113 121 122 124 130 137 137 137 138 139 137 134 132 130 125 120 114 108 99 90 91 93 97 102 106 111 113 115 118 122 129 136 142 149 154 159 160 161 161 160 154 148 142 135 128 121 109 97 93 89 88 86 86 87 93 100 113 126 136 146 150 155 154 152 144 135 124 112 100 88 75 61 57 53 53 54 46 38 38 37 34
82 86 91 94 98 105 112 116 120 122 125 126 127 128 130 129 128 124 120 117 114 117 121 116 111 106 101 103 106 108 110 110 110 113 116 120 124 134 144 150 156 160 164 164 163 158 153 146 138 133 127 117 107 98 89 89 88 89 90 90 90 100 110 118 126 132 138 144 150 148 146 139 132 121 110 92 74 68 62 60 57 49 41 39 36 40
76 82 88 93 98 101 104 108 113 114 116 116 116 116 117 116 115 111 106 106 105 112 119 121 123 123 124 122 120 119 118 113 108 109 110 114 119 128 137 141 145 148 152 154 157 153 149 145 141 138 135 129 123 112 100 95 89 89 89 88 86 90 95 100 105 114 124 135 146 143 140 135 129 122 115 103 91 80 68 63 58 50 42 40 37 40
66 76 87 93 100 101 103 103 102 100 98 99 100 100 100 96 92 92 91 101 111 116 121 126 132 135 138 136 134 128 122 114 106 106 107 112 117 123 129 130 132 132 131 135 140 140 141 138 135 134 132 129 125 122 118 112 106 103 100 95 89 86 82 87 93 102 111 120 130 128 125 121 116 111 105 96 87 74 61 58 54 49 44 39 33 37
60 67 74 82 91 89 87 87 87 87 87 84 81 80 79 75 70 76 83 101 120 123 127 133 139 138 137 137 137 134 131 122 113 107 100 104 108 114 120 120 121 119 116 117 119 122 126 126 126 127 128 127 126 124 121 117 113 112 110 105 99 89 79 81 83 90 98 104 110 109 107 101 95 93 90 81 72 59 46 49 52 48 44 36 28 33
54 56 58 63 68 65 62 65 68 69 71 68 65 65 64 64 63 73 83 103 123 130 138 143 148 146 144 141 137 136 134 131 127 114 101 100 98 102 107 110 114 111 108 108 107 109 111 115 120 121 122 123 124 122 119 115 111 111 110 105 100 92 83 78 72 79 87 87 88 87 86 85 83 85 88 80 72 56 40 39 37 39 42 34 25 26
66 62 57 56 54 54 53 55 58 60 62 61 59 61 64 67 71 82 94 109 125 134 144 147 150 148 146 143 140 138 135 133 131 121 110 103 96 96 97 103 109 107 105 105 106 106 107 108 110 112 115 116 118 118 118 112 106 106 105 100 94 89 83 79 74 74 75 77 79 76 73 75 78 81 85 82 79 62 45 36 27 31 36 29 21 22
88 82 76 67 57 57 58 60 62 61 59 60 61 63 65 70 75 84 93 109 125 132 140 141 142 141 140 141 142 140 137 133 129 128 126 118 110 102 94 96 98 101 104 105 106 105 104 102 100 102 104 109 114 117 120 114 107 103 98 91 84 76 68 71 74 73 71 72 74 73 72 73 74 74 74 70 65 54 42 32 22 22 23 21 18 18
94 93 92 87 81 75 68 68 68 67 65 63 60 58 56 58 60 70 80 97 115 123 132 132 133 134 136 137 139 139 140 136 131 130 129 128 127 116 105 99 93 96 100 101 103 101 99 96 92 89 85 91 97 104 112 112 111 102 92 85 77 68 59 60 62 66 71 66 61 62 63 63 63 65 67 62 57 46 35 31 26 27 28 29 30 24
95 94 93 95 98 94 90 80 70 67 64 63 62 58 53 55 57 65 74 88 102 109 117 123 130 132 134 136 138 138 139 132 124 128 133 134 135 129 122 110 97 93 89 93 97 95 92 85 77 71 64 70 76 90 104 106 109 103 96 88 79 68 56 54 51 58 65 63 60 53 45 47 49 54 60 57 53 46 39 38 37 36 35 30 25 20
92 94 96 99 102 102 101 93 85 77 68 64 60 57 54 54 55 66 77 91 106 111 117 122 127 128 130 132 135 135 136 127 117 121 126 130 134 132 129 118 107 97 87 82 77 80 83 78 73 64 55 58 61 74 87 91 96 96 96 95 93 76 58 51 44 50 56 58 60 50 39 38 37 41 46 47 48 45 42 40 38 39 40 34 28 18
88 93 99 100 101 101 101 101 101 95 89 75 61 57 53 54 56 67 79 92 105 109 113 118 123 126 129 130 132 132 131 122 113 113 114 116 118 119 120 116 111 103 95 82 68 68 67 69 72 62 51 51 52 59 66 74 82 85 89 90 92 77 62 53 44 44 44 45 47 43 38 35 32 32 33 39 46 44 41 40 38 37 36 32 27 19
82 89 97 97 98 98 97 101 105 104 102 91 79 67 54 54 55 67 80 88 97 102 107 111 116 121 126 129 132 129 126 118 110 110 110 110 111 112 113 111 108 106 104 92 79 68 57 61 66 60 54 50 46 50 54 61 68 72 77 79 82 70 57 51 44 39 34 36 38 38 39 37 34 32 30 33 37 33 29 25 20 20 20 16 12 6
84 83 81 84 88 88 87 91 95 98 101 98 94 79 64 60 56 62 69 77 86 91 97 102 107 113 120 124 128 125 121 114 107 107 107 108 110 110 111 109 106 106 107 100 92 80 67 61 55 55 54 51 48 48 47 51 55 60 66 71 76 66 55 48 40 35 29 33 38 35 32 34 36 34 32 28 24 19 13 11 9 8 7 7 6 6
89 81 73 70 67 67 67 72 78 84 90 90 90 82 73 64 54 54 55 61 67 75 83 88 93 103 114 117 120 115 110 109 107 106 104 107 110 110 109 107 104 104 104 103 101 98 94 81 67 59 51 50 48 46 44 44 45 50 55 58 62 57 51 46 40 34 27 31 35 29 23 25 27 24 20 18 16 12 7 -9999 -9999 -9999 -9999 -9999 2 1
85 84 82 72 62 62 61 63 66 70 74 74 75 75 74 64 53 54 55 57 59 64 70 76 82 94 106 107 108 102 96 99 103 103 102 105 108 107 105 103 100 98 95 95 94 97 100 95 89 75 60 53 46 45 43 43 42 44 46 48 50 48 46 42 38 32 26 24 22 19 16 12 7 8 10 5 -9999 -9999 -9999 -9999 -9999 -9999 -9999 -9999 -9999 -9999
83 86 89 77 65 62 59 61 64 67 71 68 65 63 60 54 47 50 54 56 59 60 61 67 74 89 105 106 107 99 90 92 95 95 94 96 98 97 96 94 92 85 77 77 78 85 93 94 96 85 73 59 45 43 40 40 39 39 39 40 41 40 39 35 31 32 34 30 26 18 10 8 6 -9999 -9999 -9999 -9999 -9999 -9999 -9999 -9999 -9999 -9999 -9999 -9999 -9999
87 91 96 87 77 69 61 61 60 65 71 64 56 50 44 42 39 42 46 55 64 62 59 63 67 81 95 100 105 98 91 90 88 87 85 86 88 85 81 79 76 69 62 64 66 73 81 85 89 87 84 66 47 44 41 38 35 34 32 32 31 29 27 27 26 28 31 28 25 16 7 6 5 3 -9999 -9999 -9999 -9999 -9999 -9999 -9999 -9999 -9999 -9999 -9999 -9999
90 92 94 91 87 76 65 60 54 60 66 59 52 45 38 36 33 37 42 53 65 67 70 67 64 68 72 78 85 87 90 87 84 82 80 78 75 71 66 59 51 49 46 50 54 60 66 67 69 71 74 63 52 52 51 46 40 36 32 31 30 26 22 22 23 19 15 13 11 10 8 -9999 -9999 -9999 -9999 -9999 -9999 -9999 -9999 -9999 -9999 -9999 -9999 -9999 -9999 -9999
95 94 92 91 89 80 70 59 48 50 53 53 52 44 35 33 30 37 44 51 58 67 77 73 68 66 64 64 63 69 75 74 73 71 69 69 69 61 53 46 38 37 35 40 45 48 51 51 52 55 58 56 54 51 48 46 44 38 31 31 30 28 25 23 20 16 11 8 5 -9999 -9999 -9999 -9999 -9999 -9999 -9999 -9999 -9999 -9999 -9999 -9999 -9999 -9999 -9999 -9999 -9999
91 89 86 85 83 77 71 56 41 41 41 42 44 39 33 31 28 36 45 51 58 67 77 70 63 60 56 57 58 60 63 62 61 57 53 54 55 50 45 38 30 30 29 34 39 41 43 44 46 47 49 50 52 47 42 41 39 33 27 22 16 17 19 19 20 15 10 -9999 -9999 -9999 -9999 -9999 -9999 -9999 -9999 -9999 -9999 -9999 -9999 -9999 -9999 -9999 -9999 -9999 -9999 -9999
78 78 77 77 76 76 75 60 44 37 30 32 34 33 32 23 13 23 34 41 49 53 57 55 52 48 43 45 48 52 57 55 53 49 45 44 42 40 38 31 24 27 30 31 32 34 36 37 39 42 45 46 47 44 40 36 32 24 15 10 5 7 9 9 9 5 -9999 -9999 -9999 -9999 -9999 -9999 -9999 -9999 -9999 -9999 -9999 -9999 -9999 -9999 -9999 -9999 -9999 -9999 -9999 -9999
65 67 69 66 62 67 72 59 46 34 22 21 19 20 21 14 7 10 14 24 35 40 45 45 44 39 33 36 40 43 47 48 50 46 41 37 33 32 30 21 12 14 16 22 28 29 30 30 31 34 37 37 38 33 28 22 16 12 8 4 -9999 -9999 -9999 -9999 -9999 -9999 -9999 -9999 -9999 -9999 -9999 -9999 -9999 -9999 -9999 -9999 -9999 -9999 -9999 -9999 -9999 -9999 -9999 -9999 -9999 -9999
58 58 58 54 49 52 55 51 46 33 19 13 7 9 11 6 -9999 -9999 -9999 7 14 24 34 34 34 30 26 30 34 36 39 40 42 42 41 35 28 21 13 9 5 6 8 12 17 19 22 22 21 21 21 19 17 13 9 -9999 -9999 -9999 -9999 -9999 -9999 -9999 -9999 -9999 -9999 -9999 -9999 -9999 -9999 -9999 -9999 -9999 -9999 -9999 -9999 -9999 -9999 -9999 -9999 -9999 -9999 -9999 -9999 -9999 -9999 -9999
54 53 51 48 44 42 39 40 41 29 17 9 0 4 9 -9999 -9999 -9999 -9999 -9999 3 7 12 16 21 20 18 21 25 28 32 35 38 38 38 34 29 19 9 7 4 4 3 4 6 8 10 8 6 6 6 3 -9999 -9999 -9999 -9999 -9999 -9999 -9999 -9999 -9999 -9999 -9999 -9999 -9999 -9999 -9999 -9999 -9999 -9999 -9999 -9999 -9999 -9999 -9999 -9999 -9999 -9999 -9999 -9999 -9999 -9999 -9999 -9999 -9999 -9999
49 47 44 43 41 39 37 33 29 21 13 7 -9999 -9999 -9999 -9999 -9999 -9999 -9999 0 0 3 7 10 14 13 11 9 6 12 18 22 27 27 28 24 19 14 8 -9999 -9999 -9999 -9999 -9999 -9999 2 4 5 7 -9999 -9999 -9999 -9999 -9999 -9999 -9999 -9999 -9999 -9999 -9999 -9999 -9999 -9999 -9999 -9999 -9999 -9999 -9999 -9999 -9999 -9999 -9999 -9999 -9999 -9999 -9999 -9999 -9999 -9999 -9999 -9999 -9999 -9999 -9999 -9999 -9999
41 41 40 39 38 36 34 30 26 16 5 3 -9999 -9999 -9999 -9999 -9999 -9999 -9999 1 2 4 7 7 7 7 7 5 2 5 9 9 10 10 11 8 5 3 -9999 -9999 -9999 -9999 -9999 -9999 -9999 -9999 -9999 -9999 -9999 -9999 -9999 -9999 -9999 -9999 -9999 -9999 -9999 -9999 -9999 -9999 -9999 -9999 -9999 -9999 -9999 -9999 -9999 -9999 -9999 -9999 -9999 -9999 -9999 -9999 -9999 -9999 -9999 -9999 -9999 -9999 -9999 -9999 -9999 -9999 -9999 -9999
31 34 37 36 35 33 30 28 26 18 9 5 -9999 -9999 -9999 -9999 -9999 -9999 -9999 -9999 -9999 1 3 4 5 3 -9999 -9999 -9999 -9999 -9999 -9999 -9999 -9999 -9999 -9999 -9999 -9999 -9999 -9999 -9999 -9999 -9999 -9999 -9999 -9999 -9999 -9999 -9999 -9999 -9999 -9999 -9999 -9999 -9999 -9999 -9999 -9999 -9999 -9999 -9999 -9999 -9999 -9999 -9999 -9999 -9999 -9999 -9999 -9999 -9999 -9999 -9999 -9999 -9999 -9999 -9999 -9999 -9999 -9999 -9999 -9999 -9999 -9999 -9999 -9999
23 25 27 24 21 20 18 16 14 10 6 7 8 4 -9999 -9999 -9999 -9999 -9999 -9999 -9999 -9999 -9999 -9999 -9999 -9999 -9999 -9999 -9999 -9999 -9999 -9999 -9999 -9999 -9999 -9999 -9999 -9999 -9999 -9999 -9999 -9999 -9999 -9999 -9999 -9999 -9999 -9999 -9999 -9999 -9999 -9999 -9999 -9999 -9999 -9999 -9999 -9999 -9999 -9999 -9999 -9999 -9999 -9999 -9999 -9999 -9999 -9999 -9999 -9999 -9999 -9999 -9999 -9999 -9999 -9999 -9999 -9999 -9999 -9999 -9999 -9999 -9999 -9999 -9999 -9999
12 11 9 8 7 7 7 6 5 3 -9999 -9999 -9999 -9999 -9999 -9999 -9999 -9999 -9999 -9999 -9999 -9999 -9999 -9999 -9999 -9999 -9999 -9999 -9999 -9999 -9999 -9999 -9999 -9999 -9999 -9999 -9999 -9999 -9999 -9999 -9999 -9999 -9999 -9999 -9999 -9999 -9999 -9999 -9999 -9999 -9999 -9999 -9999 -9999 -9999 -9999 -9999 -9999 -9999 -9999 -9999 -9999 -9999 -9999 -9999 -9999 -9999 -9999 -9999 -9999 -9999 -9999 -9999 -9999 -9999 -9999 -9999 -9999 -9999 -9999 -9999 -9999 -9999 -9999 -9999 -9999
8 6 3 3 4 4 5 -9999 -9999 -9999 -9999 -9999 -9999 -9999 -9999 -9999 -9999 -9999 -9999 -9999 -9999 -9999 -9999 -9999 -9999 -9999 -9999 -9999 -9999 -9999 -9999 -9999 -9999 -9999 -9999 -9999 -9999 -9999 -9999 -9999 -9999 -9999 -9999 -9999 -9999 -9999 -9999 -9999 -9999 -9999 -9999 -9999 -9999 -9999 -9999 -9999 -9999 -9999 -9999 -9999 -9999 -9999 -9999 -9999 -9999 -9999 -9999 -9999 -9999 -9999 -9999 -9999 -9999 -9999 -9999 -9999 -9999 -9999 -9999 -9999 -9999 -9999 -9999 -9999 -9999 -9999
