assets/srtm_39_01.asc
ncols         6000
nrows         6000
xllcorner     10
yllcorner     55
cellsize      0.00083333333333333
NODATA_value  -9999
[rows 42 to 83 of 97, columns 2565 to 2659 of 6000]
157 155 155 154 151 148 147 146 145 143 144 145 145 144 143 142 142 143 143 142 143 144 144 144 142 140 138 136 135 133 133 133 132 130 130 130 133 136 136 136 134 132 132 133 135 138 142 146 150 154 155 157 159 161 160 159 159 160 160 159 157 155 156 157 158 159 159 158 157 156 156 157 155 153 152 150 149 148 148 147 147 148 149 150 150 150 150 150 150 151 151 152 152 153 154
156 154 154 153 152 150 148 146 146 145 145 145 145 145 145 145 145 144 144 144 145 147 148 149 149 150 148 145 144 142 140 138 137 135 134 133 136 140 140 140 137 134 135 136 136 136 137 139 144 150 151 153 154 156 158 161 160 159 158 157 154 150 151 152 154 157 157 158 158 159 158 156 154 152 150 148 148 148 148 147 147 146 146 147 148 149 148 147 147 147 148 149 149 149 150
155 153 153 153 153 152 151 150 148 146 145 144 144 143 143 144 144 144 144 144 146 149 151 153 154 155 154 152 151 149 147 145 142 139 136 133 134 135 135 136 136 137 138 139 137 135 135 135 138 142 147 153 153 154 154 155 156 158 156 153 152 150 152 154 155 156 156 157 158 159 159 159 158 156 153 150 150 150 149 148 147 146 146 145 145 145 145 146 146 146 146 146 146 146 146
156 155 155 155 155 155 154 152 149 145 143 141 141 142 143 144 144 143 144 145 147 149 151 153 153 152 150 148 147 146 147 148 146 143 139 135 134 132 133 134 136 138 137 135 135 136 136 135 137 139 142 145 148 152 152 152 151 150 149 147 147 146 147 148 149 150 151 153 155 157 157 158 158 157 155 152 152 151 150 149 148 146 146 146 146 146 146 147 146 144 143 142 142 143 144
158 157 156 155 155 155 155 154 151 147 146 144 143 142 143 144 144 145 145 146 147 148 149 151 150 148 146 144 144 145 146 147 144 141 139 137 136 134 134 135 138 141 140 138 136 134 134 134 137 141 140 138 141 144 148 152 151 149 149 148 148 147 147 146 146 147 147 148 149 150 150 151 150 149 149 149 151 154 153 151 148 145 145 146 146 147 147 148 149 151 149 147 145 142 143
156 155 155 155 155 154 154 155 152 149 148 146 145 144 145 146 146 145 145 145 147 150 150 151 150 148 148 148 147 146 145 143 142 140 139 138 139 140 140 140 139 138 136 133 133 133 133 133 135 137 138 140 139 137 141 145 148 152 151 150 149 148 148 148 148 147 147 148 148 147 147 147 147 147 148 150 153 156 155 153 152 150 149 148 148 148 148 149 151 154 153 152 151 150 147
157 156 156 155 155 155 155 154 153 151 149 147 146 145 146 147 147 147 147 147 147 148 148 148 149 151 151 150 150 149 149 148 147 145 145 146 145 143 142 140 138 136 135 133 133 133 133 132 133 134 134 135 135 135 137 139 146 154 154 154 151 147 147 146 146 147 147 146 146 146 146 146 146 147 147 147 148 150 152 154 156 159 155 150 149 148 148 149 152 155 155 156 157 158 156
156 155 155 155 155 155 155 154 153 152 150 148 148 148 148 148 148 149 149 148 147 145 146 147 149 151 152 153 152 150 151 152 151 149 148 146 145 144 143 142 140 137 136 135 135 134 133 131 131 132 133 134 134 133 133 134 140 147 149 152 150 147 145 143 144 145 145 146 146 145 145 145 145 145 145 145 146 147 148 150 156 162 157 152 150 148 148 148 151 155 155 156 156 155 151
157 156 156 155 155 154 153 152 151 150 150 150 150 151 152 153 153 154 154 155 151 147 147 146 147 148 149 150 150 149 149 148 148 149 148 147 146 145 145 144 142 140 138 136 136 137 137 136 136 135 134 133 133 133 133 132 134 137 141 146 147 149 145 141 141 141 142 143 143 143 143 144 144 145 145 145 145 145 146 148 151 154 152 150 149 148 148 147 150 153 151 148 148 148 148
159 157 156 155 155 154 154 155 156 157 158 159 158 156 154 152 152 153 153 153 153 153 150 146 147 148 148 147 148 150 148 146 146 147 147 146 145 144 144 143 142 141 141 142 144 146 146 147 144 141 138 135 134 133 133 133 133 133 136 139 142 145 144 142 139 136 138 141 141 142 143 144 144 144 144 145 145 146 147 149 150 152 150 148 148 147 147 146 148 150 147 144 144 143 143
159 156 156 157 157 156 157 158 160 162 162 163 162 161 157 152 152 153 153 154 154 153 152 150 150 149 149 149 151 153 153 152 149 145 145 144 144 144 144 143 143 142 142 141 141 141 144 147 146 145 143 140 137 134 134 134 134 133 133 134 135 137 138 140 139 138 138 139 140 142 142 143 143 144 144 144 144 145 147 149 152 156 156 155 154 153 151 149 149 148 147 145 144 142 141
157 156 156 157 157 156 155 154 155 156 157 158 161 165 161 156 154 151 153 155 154 153 153 153 153 152 152 153 152 150 150 150 147 143 144 145 146 148 147 145 143 140 139 138 138 138 139 140 142 145 143 141 139 137 136 135 135 135 135 136 136 137 139 141 139 137 136 135 137 139 140 141 142 143 143 144 144 145 145 146 149 152 156 160 160 159 155 151 150 149 149 150 147 143 141
157 156 156 155 155 154 153 152 152 152 153 154 157 161 161 162 157 152 152 151 151 151 150 148 149 150 149 147 146 145 147 150 151 152 151 150 149 148 147 145 142 139 139 138 138 138 139 140 140 141 140 139 140 141 141 141 141 140 140 139 137 135 137 140 141 142 140 137 137 136 136 137 139 141 143 146 146 146 147 149 149 150 153 156 156 156 154 151 150 149 149 148 147 145 144
160 158 157 156 155 154 154 153 152 151 152 154 154 154 157 160 158 155 152 148 147 146 145 143 144 145 145 144 144 144 148 153 153 154 153 152 151 149 148 147 145 143 141 139 139 138 138 139 139 138 139 140 141 143 142 141 140 138 138 137 137 136 135 134 136 139 139 139 138 137 136 135 136 138 139 141 143 145 147 150 150 151 156 161 159 157 154 151 150 149 148 146 146 145 145
164 161 160 158 157 156 155 154 153 151 151 150 151 152 152 153 152 151 150 149 147 145 144 143 143 143 143 144 144 145 148 152 153 154 154 154 153 152 151 150 148 146 144 141 141 141 141 140 139 137 138 140 140 141 141 142 141 140 139 137 139 142 142 142 141 139 138 137 135 132 132 131 132 133 134 136 138 140 143 146 148 151 156 162 160 158 155 152 150 148 147 145 146 147 149
163 161 160 159 157 155 155 154 154 154 154 154 154 153 153 152 152 152 153 154 152 150 148 145 144 143 145 148 147 145 146 147 150 153 153 154 154 154 153 152 152 152 152 152 149 146 144 142 141 140 140 139 139 139 140 141 140 138 137 135 138 141 142 144 144 145 143 141 138 134 134 133 133 132 133 134 134 135 137 139 142 145 149 153 153 153 151 148 147 146 146 146 146 147 150
162 160 159 157 156 154 153 152 152 152 152 152 152 153 153 154 154 154 155 156 155 153 151 149 146 143 144 145 145 144 144 145 147 149 151 153 153 154 154 154 153 152 152 153 151 149 145 141 140 138 138 137 137 138 139 140 140 140 140 140 140 139 139 139 139 139 137 135 134 133 133 134 133 132 132 131 133 135 136 137 138 140 141 143 144 146 146 145 145 144 145 146 147 148 151
163 161 159 156 156 155 154 153 153 153 153 154 156 158 156 154 152 149 149 150 151 152 151 150 147 144 144 144 144 144 144 143 143 144 148 153 153 154 154 154 153 152 152 153 152 150 146 141 140 139 140 142 142 142 142 141 141 141 141 140 139 137 137 136 136 136 136 135 135 135 135 134 134 135 134 133 132 131 133 135 135 136 137 139 141 143 143 142 143 144 145 147 147 148 151
166 164 162 159 158 157 156 154 154 153 154 155 155 156 156 155 153 150 150 149 149 150 150 150 148 146 146 147 146 145 144 142 142 143 147 152 153 155 155 155 155 154 153 151 151 150 147 143 142 141 142 143 143 142 142 143 143 144 143 141 140 138 138 138 138 137 136 135 135 135 135 135 136 137 135 133 132 131 133 136 136 135 136 137 138 140 141 143 142 141 143 145 147 149 152
168 168 166 164 163 162 161 160 160 159 157 154 154 153 153 154 152 150 150 149 149 149 149 149 149 149 149 148 148 148 148 147 146 145 148 152 153 154 154 155 155 154 153 152 151 150 147 144 144 143 143 142 144 146 147 148 147 145 143 141 139 137 137 137 137 137 137 136 136 136 135 134 134 135 133 131 130 129 133 137 136 135 135 136 137 139 142 145 145 145 147 149 148 147 148
169 169 168 167 170 174 174 173 169 164 160 156 156 155 154 153 153 152 152 152 151 149 149 148 148 149 149 149 150 151 152 154 151 148 149 150 150 149 150 151 151 150 149 148 146 144 143 141 141 142 142 141 141 142 142 143 143 142 141 140 139 137 137 137 138 139 139 138 138 138 138 137 137 136 135 134 132 130 133 137 137 138 138 137 136 135 137 140 141 143 146 150 148 146 145
170 169 168 167 171 175 174 173 169 165 163 161 159 156 156 155 155 155 155 156 153 150 148 146 146 146 147 148 148 149 150 151 148 145 144 143 143 144 144 145 145 144 144 144 146 148 146 143 143 143 143 142 142 141 141 141 141 141 141 140 140 140 140 140 140 140 140 139 139 138 138 137 137 137 137 138 137 135 136 137 137 137 137 136 136 136 137 139 139 139 141 143 143 143 144
171 170 170 169 170 172 172 173 171 168 165 162 160 157 155 153 154 156 156 156 152 148 147 145 144 143 144 146 146 145 145 146 144 141 140 138 138 137 138 139 140 141 142 143 145 148 148 147 145 142 142 141 141 140 140 141 141 142 142 141 141 141 141 140 140 139 140 141 141 142 140 138 138 137 137 137 136 135 136 137 137 136 136 137 137 136 137 138 138 139 139 138 139 141 143
177 172 172 171 171 172 173 175 173 171 167 162 158 154 152 150 151 152 152 151 150 148 146 144 144 144 144 145 145 144 143 142 141 140 140 141 139 137 136 135 136 137 137 137 139 142 142 143 143 142 141 140 140 139 141 144 145 147 147 148 146 143 143 142 142 142 142 142 142 143 142 140 138 136 135 133 135 138 138 139 138 137 137 138 139 140 141 143 141 138 138 138 139 140 140
179 175 173 171 171 171 174 178 175 172 167 162 158 154 153 152 152 153 153 152 152 151 149 146 145 144 144 145 145 146 145 143 142 140 141 143 142 141 140 138 138 137 136 135 137 139 139 139 139 139 139 140 144 149 151 153 153 153 153 152 150 147 147 146 146 146 145 144 143 142 142 141 139 137 138 139 141 143 142 140 140 139 139 140 142 145 146 147 145 143 141 138 138 137 138
180 176 174 171 171 172 175 178 177 176 169 162 160 157 157 157 159 161 158 155 153 150 149 147 147 147 146 145 145 145 144 142 142 143 144 145 143 140 140 139 138 137 136 135 135 134 135 136 136 136 137 138 141 145 147 150 151 152 151 150 149 148 148 147 148 149 148 147 145 143 140 137 136 134 134 134 137 141 143 145 145 144 142 140 143 146 147 148 147 145 143 141 140 138 138
179 176 174 171 171 171 172 174 175 176 172 167 167 166 164 162 163 164 162 159 156 153 151 148 148 149 148 147 146 145 145 145 144 143 143 144 142 140 140 140 140 139 138 137 136 135 134 133 135 138 141 145 147 149 148 146 146 146 146 145 144 143 146 149 149 148 147 146 144 142 141 139 138 137 136 135 135 135 138 141 143 145 145 144 146 148 147 146 144 141 142 144 144 144 144
181 178 176 173 171 169 169 170 171 172 172 172 169 165 163 161 160 159 157 155 153 151 150 148 146 144 144 143 143 144 145 146 145 143 143 142 142 141 141 142 142 141 143 145 144 142 140 137 137 136 138 140 142 144 144 143 142 140 140 141 142 144 147 150 150 149 147 144 142 140 139 138 137 136 136 136 136 135 135 135 136 138 140 143 144 145 143 140 139 137 139 142 143 144 145
183 181 179 176 174 171 171 172 174 177 174 171 167 163 161 159 158 157 155 153 152 150 149 147 146 145 144 143 143 144 144 145 144 143 143 142 142 143 143 143 143 142 144 146 146 147 145 142 141 139 138 137 137 136 137 139 139 139 139 140 140 141 144 147 148 149 149 149 146 142 142 141 140 138 136 134 132 129 129 130 131 133 135 137 137 137 137 137 139 141 142 144 144 145 146
186 185 182 178 177 176 175 174 175 176 172 167 165 163 162 161 161 162 160 157 157 156 156 156 156 155 154 153 153 152 150 147 145 143 143 142 142 143 143 144 143 142 145 148 148 147 146 144 144 145 143 140 140 139 139 138 138 139 139 140 142 144 144 145 146 148 148 148 145 142 141 140 142 144 143 141 138 134 133 131 130 128 131 134 136 139 141 143 144 146 146 146 146 146 145
182 183 180 176 175 173 173 172 172 172 170 168 165 162 160 158 158 157 157 157 160 164 164 163 162 160 159 157 156 154 152 150 147 143 143 143 143 143 143 144 144 144 146 148 148 149 149 150 150 150 147 144 141 138 136 133 133 134 136 138 139 141 141 141 141 141 141 140 140 139 139 138 139 140 137 133 131 129 128 127 126 125 129 134 138 142 143 145 145 145 145 144 143 141 140
184 186 182 177 174 171 171 172 172 172 170 167 165 162 160 157 156 154 155 157 158 160 160 159 158 157 157 156 153 150 148 146 143 140 141 142 142 143 144 145 145 146 147 149 150 151 150 149 149 150 150 151 148 144 141 138 138 138 139 141 141 140 141 142 140 138 136 134 134 133 134 136 135 134 132 129 128 127 127 127 127 126 130 134 138 142 142 141 141 141 140 138 138 137 137
188 187 183 179 177 175 175 174 173 172 170 168 166 163 161 158 156 154 154 154 155 157 155 152 151 149 149 149 148 146 145 143 142 140 141 142 143 144 145 146 146 147 147 148 149 150 150 151 150 148 152 156 156 155 153 151 149 147 145 143 142 140 142 144 143 142 139 136 135 134 134 133 133 132 130 127 129 131 133 136 135 133 134 136 136 137 137 137 137 137 137 136 137 138 139
188 187 185 182 178 174 174 175 175 174 172 170 169 167 166 164 162 159 157 155 157 159 156 153 152 151 150 149 148 147 146 144 143 141 141 142 143 144 145 147 147 147 148 149 150 151 151 151 150 149 150 151 156 161 161 160 157 153 152 151 151 150 150 150 147 144 143 142 140 138 137 135 133 130 130 129 131 133 133 134 134 133 132 131 132 133 134 135 136 137 139 141 144 147 145
189 190 188 186 182 177 177 177 177 178 177 175 175 175 175 175 172 169 163 156 156 157 156 154 153 152 152 151 150 149 147 144 143 141 142 143 143 144 145 146 146 146 147 148 149 150 151 153 152 151 153 155 155 155 156 157 157 157 156 154 156 158 158 157 155 153 152 151 151 152 150 148 145 141 137 133 132 131 131 132 131 130 129 128 128 129 131 134 136 139 140 142 143 144 142
193 191 189 187 185 182 180 178 177 175 174 172 172 173 174 176 176 175 171 166 163 159 157 155 154 153 153 152 151 149 147 144 143 142 144 146 145 144 144 145 145 146 147 148 151 154 156 159 159 158 162 167 164 161 160 158 159 160 160 161 165 169 169 169 168 166 164 161 163 165 163 161 157 152 147 142 137 131 131 130 130 130 129 128 128 128 130 132 133 135 136 137 138 140 141
193 191 189 187 187 187 185 183 180 176 174 172 172 173 174 175 175 175 174 173 170 166 163 159 158 156 155 153 153 152 152 151 148 144 144 145 145 146 145 144 144 145 145 146 150 155 158 161 161 161 166 171 170 169 165 161 161 162 162 163 165 168 170 173 175 177 178 179 177 175 171 166 165 164 159 153 148 143 140 136 135 134 133 131 130 129 128 127 130 133 134 136 136 137 139
192 190 189 188 188 189 188 186 182 178 176 174 174 175 175 174 174 175 175 174 174 174 172 170 165 159 158 157 158 159 157 155 150 145 144 143 145 147 147 147 146 145 145 145 147 149 154 159 161 164 166 168 169 171 168 165 165 165 166 167 170 173 176 179 180 181 184 187 187 186 180 173 171 168 165 161 158 155 151 147 143 138 138 137 137 138 134 130 130 129 130 132 132 132 133
195 194 194 194 195 197 193 188 185 182 180 177 177 177 175 172 173 174 174 175 174 172 172 172 170 168 165 161 162 164 163 161 154 147 145 143 146 149 150 152 152 153 150 146 146 146 151 156 159 163 164 165 167 170 170 170 170 169 169 170 172 175 178 181 182 184 186 188 185 182 178 174 172 169 168 166 163 160 159 157 153 149 149 150 147 144 141 137 134 131 130 128 128 128 128
204 202 200 197 197 198 194 189 189 189 185 181 179 176 176 175 174 173 172 171 171 171 171 170 167 163 163 163 164 165 164 163 158 153 151 148 149 151 152 154 155 157 153 149 148 146 148 150 152 155 157 160 162 165 166 168 170 172 172 173 174 175 175 176 177 179 181 183 181 178 178 177 176 174 172 169 168 166 164 162 161 159 157 155 153 150 145 139 137 135 133 131 129 127 126
210 208 204 200 199 198 197 195 195 196 193 190 188 185 182 178 178 179 176 173 173 173 173 173 171 168 166 164 164 163 162 160 156 152 150 147 149 152 153 155 156 157 154 150 149 148 148 148 150 152 154 156 158 160 162 164 165 167 169 171 173 175 175 175 175 176 177 178 177 176 179 182 182 183 178 173 170 167 167 167 167 168 165 161 156 150 147 143 141 139 137 134 131 127 126
217 214 210 205 202 199 199 198 197 196 196 195 195 194 191 187 187 187 182 177 174 171 171 171 170 168 167 166 166 165 163 161 158 155 152 149 151 153 154 156 157 159 157 155 153 151 150 149 150 152 152 151 153 156 157 159 162 165 168 171 172 174 174 175 175 175 175 175 175 175 176 177 178 179 179 179 179 179 179 180 178 176 173 170 161 152 150 147 147 146 143 140 137 133 130
