assets/srtm_39_01.asc
ncols         6000
nrows         6000
xllcorner     10
yllcorner     55
cellsize      0.00083333333333333
NODATA_value  -9999
[rows 0 to 41 of 97, columns 1520 to 1614 of 6000]
143 142 140 140 139 139 139 136 133 131 129 126 123 119 114 114 114 114 114 114 114 114 115 115 116 120 125 126 127 129 131 134 137 140 144 142 139 139 140 143 146 146 147 147 146 146 145 145 146 146 147 147 147 147 146 146 146 146 146 145 143 141 139 142 145 149 154 157 161 162 163 162 161 163 165 168 172 175 179 180 182 186 190 195 201 202 204 204 205 205 206 208 211 211 212
142 141 140 139 138 137 136 134 131 128 124 121 118 116 114 114 114 114 114 114 114 117 120 121 123 125 127 128 129 130 132 134 136 138 141 137 132 132 133 137 141 143 145 145 145 145 146 146 146 146 146 147 148 147 146 146 146 146 147 147 147 144 140 140 141 151 162 165 169 166 162 162 161 163 165 167 169 171 174 176 179 184 190 195 200 201 203 204 206 206 206 208 211 214 218
146 143 140 139 138 137 135 134 132 129 126 123 119 117 114 114 114 114 114 118 122 122 122 122 123 122 120 123 126 126 127 129 131 133 136 132 128 129 131 133 135 139 144 144 145 145 146 146 145 146 147 147 147 147 146 146 145 146 147 147 148 145 141 141 141 153 165 166 168 164 160 160 159 161 164 165 167 169 171 174 177 181 186 191 196 199 203 204 205 205 205 208 211 213 216
141 140 139 138 137 134 130 130 129 128 126 125 124 119 114 114 114 116 118 116 113 115 117 117 116 116 115 115 116 118 120 125 131 131 132 128 124 127 130 134 138 140 142 142 143 144 145 143 141 141 141 143 145 145 144 144 145 146 147 147 148 145 141 142 143 153 163 162 161 159 156 156 155 157 159 160 162 163 164 168 173 179 185 189 193 196 200 201 203 202 201 203 205 208 211
140 138 135 133 131 129 126 128 130 128 126 123 120 117 114 114 114 119 124 122 120 120 121 121 121 118 114 113 112 115 118 121 125 125 126 125 123 128 133 139 146 143 139 137 134 135 137 137 136 139 142 144 146 146 145 145 146 146 146 146 146 144 142 140 138 147 157 157 157 156 155 155 154 155 156 157 158 160 162 167 173 180 188 192 197 201 205 206 207 207 206 207 209 210 212
137 134 131 129 126 127 129 129 130 125 120 119 118 116 114 120 126 126 127 128 130 132 135 137 139 134 128 125 122 120 118 118 117 117 116 117 118 127 136 140 145 141 137 133 128 132 136 139 142 142 142 143 144 144 145 145 146 146 147 147 148 146 144 140 136 141 146 148 151 151 152 152 153 153 153 153 154 157 160 165 170 176 183 189 195 199 204 205 207 209 212 215 218 214 210
130 129 128 128 129 131 133 129 125 121 117 116 114 120 127 129 131 133 136 137 138 141 144 144 143 141 138 135 131 128 124 124 124 122 120 119 117 122 127 133 140 136 131 129 127 129 132 133 134 134 135 139 143 143 144 145 146 146 146 147 148 147 145 139 133 136 140 142 145 147 149 149 149 149 150 152 154 156 158 160 163 167 171 178 186 193 200 203 207 212 217 218 220 213 205
128 128 128 130 133 131 128 124 119 117 114 122 131 132 133 134 136 138 141 141 141 142 144 143 142 137 131 130 128 128 129 130 131 128 125 123 120 119 118 123 129 127 125 125 126 128 131 133 136 137 139 140 142 143 144 144 145 145 146 146 146 144 142 137 131 133 135 136 138 141 144 146 148 148 149 151 153 154 156 157 159 166 174 179 185 189 194 199 205 210 216 215 214 207 199
126 125 123 123 122 122 121 118 114 114 114 124 135 136 138 138 137 138 140 140 141 141 142 141 139 134 129 129 129 131 134 135 136 133 130 128 125 123 120 119 117 119 122 126 131 133 135 135 135 136 138 138 139 139 139 139 140 141 143 144 145 142 139 135 131 133 136 137 139 140 141 142 143 143 144 146 149 151 154 156 159 165 171 176 182 185 189 194 199 204 210 208 206 201 195
121 119 117 117 116 115 114 114 114 120 127 131 136 137 139 140 141 141 140 141 142 142 143 140 137 135 133 135 137 139 141 140 139 135 130 127 124 123 121 120 119 119 120 124 128 129 131 131 130 129 127 128 130 130 129 130 131 135 140 142 144 142 140 136 131 134 138 138 139 139 138 138 139 140 141 143 145 147 149 151 153 159 166 172 178 181 185 189 193 197 201 200 199 194 188
117 118 119 117 114 114 114 122 130 136 142 142 142 142 141 142 143 142 141 142 143 143 142 140 138 138 139 139 138 136 134 134 134 131 128 128 128 129 130 128 126 123 119 119 120 122 125 127 129 127 125 126 127 129 132 134 136 139 143 143 143 140 136 134 131 134 138 139 141 140 139 139 139 140 141 143 146 146 145 147 150 157 165 171 177 178 180 180 181 184 187 187 188 183 178
113 113 114 120 127 129 131 132 134 138 143 143 144 144 143 143 142 142 143 143 143 143 142 142 142 141 140 137 134 133 131 130 128 128 127 130 133 134 135 132 129 125 121 119 117 117 116 117 119 120 122 124 127 132 137 137 137 139 141 140 139 135 131 132 134 138 143 144 146 146 145 143 140 140 140 142 144 144 145 145 145 151 157 163 170 170 170 168 166 169 173 175 177 172 166
115 115 114 121 128 132 137 135 132 135 139 140 142 142 143 143 143 143 143 143 144 145 147 148 149 147 145 143 140 137 133 133 132 132 131 134 137 137 136 132 127 124 120 120 121 121 121 118 115 115 116 117 118 120 123 126 129 131 134 133 131 131 132 134 136 138 140 141 143 144 146 146 147 144 141 142 144 144 144 145 146 148 151 153 156 156 157 157 157 162 167 168 170 163 156
114 118 123 129 135 135 135 131 126 127 129 131 133 136 139 141 143 144 145 145 144 144 144 144 143 143 142 141 139 140 141 143 145 141 137 140 144 142 140 133 126 125 124 128 132 133 134 131 127 125 122 127 132 132 131 128 125 127 129 129 128 129 130 131 132 134 136 139 142 145 148 148 149 149 148 148 149 148 146 146 147 147 148 151 154 154 155 155 154 157 161 161 161 156 151
123 128 133 137 141 139 137 135 132 133 134 132 130 131 132 135 139 141 144 144 144 141 138 138 137 139 141 144 147 148 149 150 152 152 151 151 152 146 140 137 134 134 133 139 145 145 144 141 137 135 132 134 136 135 134 129 124 127 130 131 133 132 131 131 132 134 137 141 146 147 149 149 150 149 148 147 146 146 146 145 144 145 146 148 151 152 153 153 152 155 159 158 156 151 145
133 137 142 141 140 140 141 139 137 138 139 138 137 132 127 130 133 136 140 142 144 142 139 140 142 146 151 152 154 155 156 156 156 156 155 153 151 149 146 145 144 143 142 147 153 151 149 146 142 141 139 139 139 139 139 135 131 129 127 130 134 135 136 138 140 142 144 145 146 147 148 148 149 148 147 146 144 144 144 143 142 143 145 146 148 148 149 148 146 146 147 147 147 142 137
136 138 141 141 141 142 143 143 143 142 141 138 135 131 127 129 131 136 141 144 147 146 144 145 146 148 151 152 154 156 158 155 152 148 143 145 147 147 147 147 146 146 145 149 153 153 152 150 147 146 144 143 142 141 139 136 132 130 128 131 134 136 138 140 143 144 145 145 145 145 146 146 147 146 145 144 143 143 144 142 140 143 146 146 147 146 144 143 141 141 140 139 138 136 134
136 139 142 143 145 145 146 146 145 143 140 136 131 131 130 129 127 132 137 141 146 146 147 147 148 149 150 152 154 156 158 154 149 146 143 145 148 149 150 150 151 152 153 154 156 156 155 154 153 150 147 144 141 139 136 133 130 128 126 127 129 131 133 133 134 135 137 138 140 142 144 144 144 143 141 141 142 142 141 141 142 144 146 146 145 143 140 139 138 138 137 137 136 135 134
138 141 145 146 147 146 145 145 146 143 140 137 134 134 133 131 128 132 136 140 144 146 148 148 148 151 154 156 158 159 160 158 156 156 156 157 159 159 158 159 160 163 166 164 161 160 158 157 155 151 147 144 141 139 137 135 133 131 129 127 124 124 124 124 125 129 133 136 139 140 142 142 142 141 139 139 140 139 137 139 141 142 143 142 140 139 138 137 136 136 136 136 135 134 133
143 144 146 147 148 147 145 145 146 143 139 137 135 134 132 131 129 130 131 136 141 142 144 146 148 152 157 160 164 162 160 160 159 164 169 170 172 173 174 172 169 170 172 169 166 163 159 156 153 150 146 146 146 145 143 140 137 133 129 129 128 130 132 130 128 131 135 135 136 136 135 135 136 136 136 134 132 132 133 134 135 135 134 134 134 134 135 135 134 134 135 134 133 133 133
145 147 149 148 147 146 145 143 141 140 138 138 139 136 133 133 134 134 134 135 137 138 140 144 148 151 154 157 160 162 164 166 168 171 175 177 179 179 180 177 173 173 174 172 169 165 160 157 154 153 151 149 147 145 143 140 137 135 133 134 135 135 136 133 130 130 129 129 128 128 127 127 128 129 131 131 130 131 132 132 132 132 131 131 131 131 131 131 130 131 133 132 131 132 134
145 147 150 150 149 147 144 142 140 141 142 140 138 136 134 135 137 138 139 140 141 140 138 141 144 150 156 159 163 167 171 171 171 174 177 180 184 183 182 182 182 182 183 181 178 170 162 158 153 151 148 146 144 142 140 137 134 135 137 137 138 137 135 134 132 133 134 134 134 133 132 131 129 129 128 132 136 138 140 139 138 137 136 136 135 135 136 136 135 136 137 137 137 140 144
147 148 150 150 150 147 144 144 143 142 141 139 136 136 137 139 141 142 144 145 146 144 141 145 149 156 164 168 172 176 180 180 180 181 183 186 189 189 188 188 188 188 187 185 182 177 171 164 157 153 149 148 146 144 142 139 135 137 139 139 138 138 138 138 137 137 137 137 136 137 138 137 135 134 132 133 134 136 138 138 139 139 139 139 140 139 138 139 140 142 145 145 146 144 142
147 149 152 152 151 148 145 145 144 142 140 139 137 138 140 142 145 145 146 148 150 150 149 153 157 165 174 178 182 186 190 193 197 195 193 192 191 189 187 188 190 191 192 191 190 187 183 176 168 160 152 151 150 150 149 144 139 141 143 143 142 142 141 141 140 139 138 139 140 141 143 141 139 138 136 136 135 135 136 137 138 139 141 141 141 141 140 142 144 147 150 150 150 147 143
145 147 150 149 148 147 145 145 145 144 143 142 141 142 143 146 149 149 149 150 151 151 150 153 157 163 169 178 188 194 200 202 204 203 201 199 197 192 187 192 197 198 199 197 195 191 187 179 171 164 157 155 152 150 148 146 144 145 147 147 148 146 144 143 141 140 139 140 142 142 143 142 141 141 140 140 141 141 141 141 142 142 142 142 141 140 139 142 146 149 152 151 150 148 145
144 147 151 151 152 151 150 149 148 148 147 145 143 145 147 149 152 151 150 149 148 151 154 158 162 167 173 180 187 192 198 201 204 205 206 203 200 197 193 197 201 202 203 200 197 193 188 183 177 174 171 165 158 154 149 149 150 151 152 152 152 150 148 146 143 143 143 143 143 144 145 145 144 144 144 144 144 144 145 145 144 144 143 143 143 143 142 143 144 148 152 152 152 150 148
150 155 160 163 167 164 160 156 151 151 152 151 150 151 153 153 154 153 151 150 148 153 158 164 171 174 178 184 190 195 200 203 206 207 208 204 199 197 194 199 205 204 202 200 198 195 192 186 180 178 175 169 163 160 157 156 154 154 153 153 154 154 153 152 151 150 149 147 145 145 145 145 146 146 145 145 145 146 148 149 151 149 147 148 150 150 151 150 148 148 149 150 151 150 149
160 165 171 176 181 178 175 169 162 162 162 160 157 157 156 156 155 154 153 154 156 162 168 172 177 181 186 190 195 199 204 205 207 208 209 206 202 197 191 195 199 201 204 203 201 199 196 189 181 179 176 174 172 168 163 163 162 162 162 161 159 159 160 157 154 152 149 148 147 147 146 146 147 147 146 146 146 149 152 151 149 149 150 150 151 151 151 151 151 151 150 149 148 148 148
174 179 185 186 188 187 186 181 175 172 169 165 161 160 158 157 156 157 158 159 160 166 173 180 188 189 190 193 197 202 207 208 210 209 208 208 207 202 196 200 204 204 204 204 203 198 193 188 182 184 186 181 175 172 169 172 175 177 180 178 175 173 171 166 161 156 151 150 148 148 147 147 146 146 145 145 145 146 147 145 143 144 145 147 149 149 149 150 151 151 151 150 148 144 140
185 189 194 194 194 193 191 187 183 179 175 169 163 161 158 159 160 160 161 162 164 172 180 185 191 193 195 197 200 202 205 206 208 208 208 206 204 201 197 200 204 203 201 202 203 198 192 191 189 188 186 183 179 179 179 182 186 187 188 187 186 184 181 174 166 159 152 150 148 148 148 148 147 146 145 144 143 143 143 142 141 141 141 142 144 144 144 144 144 144 143 142 140 139 137
187 191 196 196 197 196 195 193 190 185 179 173 167 165 163 167 172 171 169 168 166 175 184 189 195 197 200 202 205 207 209 208 207 207 206 204 201 200 198 199 201 201 200 200 199 197 195 195 194 194 195 195 194 193 192 192 191 191 192 192 191 189 187 180 172 163 154 152 149 149 148 147 146 145 143 142 141 141 140 140 139 138 137 137 137 137 138 138 139 138 137 135 133 133 134
191 195 199 200 202 202 203 201 198 193 188 184 180 177 173 176 180 177 174 174 173 177 181 187 194 197 201 203 206 208 211 210 209 207 204 200 196 196 197 197 198 198 198 198 197 197 198 200 202 201 199 198 196 196 195 195 195 195 194 194 195 194 192 187 182 170 157 153 149 148 147 146 145 144 143 142 141 140 139 139 138 138 138 140 143 144 145 146 147 143 139 137 135 135 134
201 205 209 211 214 213 212 206 200 197 193 191 188 188 188 187 185 182 178 182 186 189 193 193 193 196 200 204 208 211 214 214 214 212 209 206 202 201 200 198 196 195 193 194 196 198 201 203 205 203 200 199 197 197 198 198 197 197 197 197 198 196 193 185 177 167 157 153 148 147 146 145 144 143 142 141 140 140 139 138 137 138 139 143 148 148 149 148 147 143 139 136 133 133 134
210 216 223 227 231 227 223 217 211 207 203 199 195 194 193 192 191 189 187 190 194 197 200 197 194 196 199 203 207 209 212 213 214 215 216 212 207 203 199 198 196 197 198 200 203 202 200 201 203 203 202 201 199 198 197 197 198 198 199 200 201 196 191 180 168 161 153 151 148 147 145 144 143 143 142 141 140 140 139 138 137 139 141 144 148 148 147 146 144 141 138 137 135 133 131
223 230 237 239 242 238 234 230 225 220 215 208 201 197 192 192 192 192 191 193 195 198 202 203 205 206 207 208 209 211 214 215 216 215 214 211 208 207 205 207 210 211 213 212 210 205 200 200 201 201 202 201 200 198 196 194 192 195 199 200 201 195 188 175 161 156 151 150 148 147 145 144 143 143 142 141 139 139 138 138 138 142 146 148 150 149 148 146 143 140 137 136 134 134 133
237 242 248 247 246 243 240 238 235 228 220 212 203 197 190 190 191 192 194 195 197 199 202 205 208 210 213 213 214 214 213 213 213 211 208 208 207 209 212 219 226 227 228 224 219 213 206 202 197 199 201 201 200 198 195 192 188 192 197 198 199 191 182 172 162 159 155 153 150 147 144 143 142 141 140 139 138 138 137 138 139 141 144 146 148 148 147 143 138 135 132 133 135 135 136
242 248 254 254 254 253 251 248 245 236 226 218 209 202 195 195 196 196 197 197 198 199 200 202 205 207 210 213 217 217 218 217 215 210 205 208 211 214 218 223 228 230 233 227 221 215 208 206 203 202 201 201 200 197 193 189 185 189 193 192 190 184 177 170 163 158 153 151 148 147 145 144 142 141 140 140 139 139 138 138 139 139 140 141 143 143 144 141 138 136 133 135 137 137 137
245 250 256 258 260 259 257 254 251 241 231 221 211 207 202 201 199 199 200 199 198 198 198 199 200 203 206 211 216 217 219 219 219 218 217 220 224 224 224 227 230 231 232 226 219 214 209 208 206 205 203 200 197 197 196 193 190 189 188 184 179 175 171 166 160 155 150 149 147 146 145 145 144 143 141 141 140 140 139 139 140 140 141 141 141 140 139 138 137 135 133 135 138 138 139
248 253 258 259 260 259 258 256 253 244 235 223 210 208 206 206 205 205 205 205 204 204 204 205 206 205 204 207 211 215 220 221 222 226 231 234 238 237 235 235 234 231 227 220 212 207 201 200 198 198 199 198 196 197 199 195 190 188 185 181 177 171 165 159 152 151 149 149 148 148 147 146 144 143 141 141 140 140 141 141 140 141 142 142 141 141 140 139 138 137 136 136 137 139 142
257 261 266 264 261 260 258 254 249 240 230 222 213 213 212 213 214 214 214 212 210 210 211 212 213 211 209 209 210 214 219 224 229 234 240 241 242 240 237 235 232 226 220 215 210 205 200 199 197 197 198 199 200 200 199 197 194 192 190 187 183 174 165 159 153 150 146 146 147 147 146 144 142 141 140 140 141 141 142 142 143 143 143 142 141 141 140 139 138 137 136 135 134 137 140
264 267 270 266 261 260 258 254 250 241 232 226 219 220 222 222 222 221 220 218 216 215 213 214 216 216 216 216 216 221 227 232 237 238 239 238 237 234 231 226 220 218 215 212 208 208 207 206 205 203 201 201 201 200 199 198 197 196 194 187 180 175 169 164 158 152 146 145 143 143 143 142 141 141 141 142 143 143 144 144 143 142 140 139 138 138 138 138 137 137 136 137 139 139 138
268 268 269 264 259 257 254 250 246 238 230 226 221 223 225 225 225 225 225 222 218 216 214 214 215 216 218 218 219 223 228 232 236 237 238 238 239 239 239 236 233 229 224 222 220 218 216 215 214 210 206 203 200 199 198 199 200 199 198 193 188 181 174 166 157 153 148 146 144 144 144 144 143 143 143 143 144 144 144 143 141 140 138 137 135 135 134 134 134 135 137 139 141 140 139
